,0,1,2
0,-0.015877,-0.15808,-0.00036369
1,-0.016495,-0.16482,-0.0001622
2,-0.01715,-0.17171,-0.00010996
3,-0.01803,-0.1781,-0.00017339
4,-0.018547,-0.18439,-0.00027414
5,-0.019074,-0.19021,-0.00027787
6,-0.019801,-0.19565,-0.00018832
7,-0.020329,-0.20111,-0.00024802
8,-0.020856,-0.20609,-0.00029653
9,-0.021571,-0.21068,-0.00055773
10,-0.022073,-0.21508,-0.00053534
11,-0.022462,-0.21895,-0.00049429
12,-0.022859,-0.22243,-0.00058011
13,-0.023249,-0.22558,-0.00039727
14,-0.02363,-0.2285,-0.00049056
15,-0.0239,-0.23157,-0.00052414
16,-0.024338,-0.23435,-0.00041593
17,-0.024477,-0.23667,-0.0004831
18,-0.024656,-0.23891,-0.00043086
19,-0.0249,-0.2412,-0.00040101
20,-0.02515,-0.24317,-0.00050175
21,-0.02563,-0.24513,-0.00037862
22,-0.025663,-0.24706,-0.00040474
23,-0.026075,-0.24863,-0.00044951
24,-0.026431,-0.25024,-0.00024429
25,-0.026341,-0.25167,-0.00041966
26,-0.026528,-0.25304,-0.00044205
27,-0.026726,-0.25447,-0.0003525
28,-0.026932,-0.25563,-0.00042339
29,-0.027142,-0.25671,-0.00027787
30,-0.02734,-0.25775,-0.00029653
31,-0.027456,-0.25869,-0.00031892
32,-0.027572,-0.25972,-0.00031145
33,-0.027711,-0.26057,-0.00035996
34,-0.027909,-0.26139,-0.00029653
35,-0.028138,-0.26244,-0.00028906
36,-0.028246,-0.26352,-0.00035623
37,-0.02843,-0.26463,-0.00032638
38,-0.028677,-0.26544,-0.00024429
39,-0.028748,-0.26616,-0.00025175
40,-0.028808,-0.26697,-0.00024056
41,-0.029055,-0.26747,-0.00017712
42,-0.029164,-0.268,-0.00024056
43,-0.029186,-0.26856,-0.00046071
44,-0.029182,-0.26871,-0.0002816
45,-0.029332,-0.26868,-9.13e-05
46,-0.029452,-0.26853,-0.00027414
47,-0.029339,-0.2681,-0.00017712
48,-0.029646,-0.26749,-0.00018085
49,-0.029542,-0.2669,-0.00022563
50,-0.029167,-0.26614,-0.00014727
51,-0.029396,-0.26494,-0.00019578
52,-0.029295,-0.26351,-0.00024802
53,-0.029062,-0.26205,-0.00018832
54,-0.02892,-0.26009,-8.7569e-05
55,-0.02855,-0.25784,-0.0002219
56,-0.028317,-0.25556,-0.00013981
57,-0.028123,-0.2527,-0.00011742
58,-0.027797,-0.24991,-0.00020324
59,-0.027543,-0.24695,-5.0255e-05
60,-0.027251,-0.24364,-0.00012861
61,-0.026786,-0.24038,-0.00013981
62,-0.026487,-0.23679,-7.2643e-05
63,-0.026079,-0.23307,-0.00015473
64,-0.025484,-0.22895,-9.8763e-05
65,-0.025135,-0.22462,-8.7569e-05
66,-0.024705,-0.22035,-0.00012115
67,-0.024091,-0.21564,-5.3986e-05
68,-0.023421,-0.21046,9.4474e-06
69,-0.022878,-0.20506,-1.6672e-05
70,-0.022279,-0.19951,-0.00018459
71,-0.021515,-0.19372,-0.00014354
72,-0.02101,-0.1877,-8.0106e-05
73,-0.020347,-0.18165,-0.00023309
74,-0.01976,-0.17543,-6.8912e-05
75,-0.019116,-0.16902,5.0493e-05
76,-0.018251,-0.16271,-0.00010996
77,-0.017813,-0.1561,-0.00010996
78,-0.017124,-0.14945,-7.6375e-05
79,-0.016256,-0.14291,-2.0404e-05
80,-0.015623,-0.13619,-2.7867e-05
81,-0.014927,-0.12952,-5.4782e-06
82,-0.014256,-0.1229,0.00014005
83,-0.01365,-0.1164,5.716e-06
84,-0.013014,-0.10984,-4.2792e-05
85,-0.012216,-0.10342,6.5418e-05
86,-0.011591,-0.096984,-8.3838e-05
87,-0.011048,-0.090684,-5.3986e-05
88,-0.010303,-0.084611,3.5567e-05
89,-0.0096706,-0.078143,-8.7569e-05
90,-0.0090491,-0.072111,-0.00014354
91,-0.0084464,-0.066222,-0.00013235
92,-0.0077651,-0.060153,-8.3838e-05
93,-0.0071623,-0.054174,-0.00010249
94,-0.0067618,-0.048244,-3.5329e-05
95,-0.0060617,-0.042829,6.1687e-05
96,-0.0055152,-0.037134,-5.0255e-05
97,-0.0050173,-0.031349,-4.6524e-05
98,-0.0044407,-0.026069,4.6761e-05
99,-0.0040364,-0.020781,-2.7867e-05
100,-0.0033701,-0.015422,-5.3986e-05
101,-0.0028647,-0.010124,3.5567e-05
102,-0.0024342,-0.0049031,-8.7569e-05
103,-0.0018427,0.00044442,-0.00014354
104,-0.001386,0.0057546,7.2881e-05
105,-0.00084314,0.011169,3.5567e-05
106,-0.00025165,0.016756,-5.3986e-05
107,0.00027995,0.021995,-6.5181e-05
108,0.00065056,0.027481,-3.5329e-05
109,0.0012271,0.033411,6.1687e-05
110,0.0020881,0.038968,-6.8912e-05
111,0.002601,0.044611,-0.00010623
112,0.0030989,0.050444,-0.00010996
113,0.0037166,0.056177,1.9846e-06
114,0.0042781,0.062167,0.00012885
115,0.0048771,0.068426,-5.4782e-06
116,0.0054274,0.074685,-5.0255e-05
117,0.0062323,0.080889,-0.00012488
118,0.0068125,0.087436,-2.0404e-05
119,0.0072281,0.093972,-3.5329e-05
120,0.0081864,0.10059,-6.1449e-05
121,0.0089426,0.1076,0.00014005
122,0.0095192,0.11477,-4.2792e-05
123,0.010215,0.12187,2.8104e-05
124,0.010975,0.12873,8.0344e-05
125,0.011765,0.13594,-6.8912e-05
126,0.012428,0.14307,0.00012885
127,0.013263,0.1501,0.00014005
128,0.01391,0.15704,-7.2643e-05
129,0.014517,0.16353,-0.00019578
130,0.015307,0.17032,6.1687e-05
131,0.015876,0.17675,0.00014751
132,0.01658,0.18263,-6.1449e-05
133,0.017283,0.18889,5.716e-06
134,0.017852,0.19455,-1.6672e-05
135,0.018403,0.19967,-7.6375e-05
136,0.018976,0.20496,-4.6524e-05
137,0.019601,0.20965,0.00017736
138,0.020039,0.21397,0.00024453
139,0.020634,0.21803,8.4075e-05
140,0.021124,0.22137,0.00028557
141,0.021267,0.22468,0.00027438
142,0.021645,0.22796,0.00019229
143,0.022098,0.23086,0.00019229
144,0.02236,0.23355,1.9846e-06
145,0.02264,0.23602,0.00032662
146,0.022985,0.23848,0.00030423
147,0.023191,0.24078,-4.6524e-05
148,0.023397,0.24275,0.00018855
149,0.023659,0.2447,0.00010646
150,0.023932,0.24677,-3.5329e-05
151,0.024198,0.24849,3.1836e-05
152,0.024366,0.24994,-1.2941e-05
153,0.024662,0.25163,0.00010273
154,0.024845,0.253,0.00011393
155,0.024939,0.25428,5.4224e-05
156,0.025287,0.25571,0.00020721
157,0.025392,0.25675,0.00014378
158,0.025444,0.2578,-2.4135e-05
159,0.025755,0.25887,0.00018855
160,0.025733,0.25986,0.00016243
161,0.025826,0.26081,0.0001102
162,0.026137,0.26174,0.00018855
163,0.026264,0.26282,8.7807e-05
164,0.026451,0.26401,0.00015124
165,0.026639,0.26514,-2.4135e-05
166,0.026961,0.2659,4.6761e-05
167,0.027196,0.26676,0.00024826
168,0.027271,0.26767,-6.1449e-05
169,0.027466,0.26824,-7.2643e-05
170,0.027432,0.2689,2.0642e-05
171,0.027429,0.26931,-5.0255e-05
172,0.027586,0.26934,-3.1598e-05
173,0.02756,0.26948,-9.5032e-05
174,0.027694,0.26937,-8.3838e-05
175,0.027855,0.26889,-3.5329e-05
176,0.027784,0.26853,-0.00011369
177,0.027765,0.26788,-3.1598e-05
178,0.027818,0.26706,0.00010646
179,0.027631,0.26602,-3.1598e-05
180,0.027444,0.26445,-0.00012861
181,0.027462,0.26306,1.3179e-05
182,0.027256,0.26122,-0.00011369
183,0.026987,0.25895,-0.00013981
184,0.026672,0.25661,-2.0404e-05
185,0.02638,0.2538,-9.8763e-05
186,0.026189,0.25102,-9.2096e-06
187,0.025808,0.24801,-4.6524e-05
188,0.025433,0.24478,-0.00025175
189,0.025085,0.24141,-0.00028533
190,0.024804,0.23772,-0.00012488
191,0.02443,0.23397,-0.00011742
192,0.023801,0.23003,-0.00019205
193,0.023318,0.22582,-0.00011742
194,0.022932,0.22127,-0.00029653
195,0.022431,0.2164,-0.00032265
196,0.021862,0.21136,-0.00021817
197,0.021214,0.20606,-0.00018459
198,0.020645,0.20051,-0.00010249
199,0.020218,0.19467,-0.00021817
200,0.019451,0.18872,-0.00021444
201,0.018702,0.18278,-0.00028906
202,0.018339,0.17635,-0.00031145
203,0.017534,0.16989,-0.00018085
204,0.016733,0.16361,-0.00012861
205,0.016235,0.15688,-0.00010996
206,0.015329,0.15026,-0.00022563
207,0.014569,0.14367,-0.0001622
208,0.01391,0.13676,-0.00019578
209,0.013143,0.13004,-0.00029653
210,0.012623,0.12329,-0.00022936
211,0.011926,0.11652,-0.00012488
212,0.011241,0.10994,-7.2643e-05
213,0.010616,0.10342,-0.00018085
214,0.0097737,0.097066,-0.00010249
215,0.0092459,0.090526,-0.00011742
216,0.0086956,0.084073,-0.00018085
217,0.0078982,0.078075,-0.00024802
218,0.0072281,0.071924,-0.00043459
219,0.006528,0.065836,-0.00014727
220,0.005929,0.059816,-0.00025548
221,0.0053712,0.053804,-0.00038981
222,0.0048958,0.048112,-8.7569e-05
223,0.0042744,0.04232,-0.0002219
224,0.0035781,0.03667,-0.00013235
225,0.0032636,0.031173,-0.00024802
226,0.0025785,0.025747,-0.00036742
227,0.0020769,0.020448,-9.8763e-05
228,0.0017212,0.015033,-0.00023309
229,0.00090513,0.0098577,-0.00023309
230,0.00049333,0.0045326,-0.00033011
231,-4.5748e-05,-0.00084107,-0.00042713
232,-0.00056985,-0.0061699,-0.00025175
233,-0.00087308,-0.011697,-0.00024802
234,-0.0015956,-0.017082,-0.00019951
235,-0.0021833,-0.022597,-0.00019951
236,-0.00267,-0.028165,-0.00015473
237,-0.003284,-0.033681,-0.00015847
238,-0.0038305,-0.039275,-0.00026294
239,-0.0043883,-0.04509,-0.00013235
240,-0.0049312,-0.051024,-0.00013981
241,-0.0053954,-0.05688,-0.00022563
242,-0.0059045,-0.062844,-0.00013608
243,-0.006612,-0.068875,-0.00029653
244,-0.0073196,-0.075134,-0.00035996
245,-0.0078998,-0.081577,-0.00021071
246,-0.0085737,-0.088064,-0.00024802
247,-0.0092625,-0.094884,-0.00021817
248,-0.0099326,-0.10176,-0.00031518
249,-0.010648,-0.10861,-0.0003413
250,-0.011423,-0.11582,-0.00024429
251,-0.012134,-0.12298,-0.00027787
252,-0.012793,-0.1301,-0.0002928
253,-0.013744,-0.13737,-0.0003413
254,-0.014417,-0.14464,-0.00024802
255,-0.015009,-0.15188,-0.00033757
256,-0.015937,-0.15865,-0.00031518
257,-0.016679,-0.16548,-0.00011742
258,-0.017394,-0.17234,-0.00032265
259,-0.018011,-0.17867,-0.00031518
260,-0.018603,-0.18494,-0.00020324
261,-0.019288,-0.19086,-0.00021071
262,-0.019879,-0.19643,-0.00016966
263,-0.020437,-0.20174,-0.00020324
264,-0.020972,-0.20666,-0.00026294
265,-0.021609,-0.2115,-0.00046444
266,-0.022208,-0.21571,-0.00053907
267,-0.022586,-0.21938,-0.00044951
268,-0.022908,-0.22306,-0.00044205
269,-0.023189,-0.22642,-0.00055773
270,-0.023578,-0.22947,-0.00047937
271,-0.024098,-0.23213,-0.0004122
272,-0.024334,-0.23474,-0.00057638
273,-0.024566,-0.23725,-0.00046071
274,-0.024881,-0.23946,-0.00041966
275,-0.025064,-0.24174,-0.0004719
276,-0.025454,-0.24375,-0.00044951
277,-0.025742,-0.24567,-0.00045698
278,-0.025764,-0.2475,-0.0004831
279,-0.026041,-0.24901,-0.00039727
280,-0.026255,-0.25074,-0.00045698
281,-0.026401,-0.25235,-0.0006734
282,-0.026753,-0.25361,-0.00036742
283,-0.026835,-0.25476,-0.00037116
284,-0.027,-0.25599,-0.00044205
285,-0.027262,-0.2572,-0.00026294
286,-0.027277,-0.25804,-0.00037862
287,-0.027483,-0.25898,-0.00019578
288,-0.027543,-0.26,-0.00023682
289,-0.027636,-0.26089,-0.00031518
290,-0.027992,-0.26178,-0.00028906
291,-0.028115,-0.26273,-0.00044578
292,-0.028254,-0.26368,-0.00022563
293,-0.028512,-0.26448,-0.00028906
294,-0.028737,-0.26536,-0.00044951
295,-0.028819,-0.26635,-0.00028533
296,-0.029006,-0.26707,-0.00026294
297,-0.029055,-0.26779,-0.0002816
298,-0.028965,-0.26852,-0.00032265
299,-0.029336,-0.26861,-0.00019578
300,-0.02947,-0.26887,-0.0001622
301,-0.029534,-0.26903,-0.00030026
302,-0.029624,-0.26858,-0.00016966
303,-0.029493,-0.26842,-0.00017712
304,-0.029751,-0.26791,-0.00024429
305,-0.02965,-0.26716,-0.00013981
306,-0.029313,-0.26635,-0.00028533
307,-0.029452,-0.26518,-0.00024429
308,-0.029205,-0.26396,-0.00020324
309,-0.02901,-0.2624,-0.0003525
310,-0.029032,-0.26048,-0.00012861
311,-0.028688,-0.25815,-0.00019205
312,-0.028437,-0.25562,-0.00025921
313,-0.028033,-0.25297,-0.00012488
314,-0.027786,-0.25016,-0.00025548
315,-0.027561,-0.24716,-0.00018832
316,-0.027026,-0.24378,-0.00017712
317,-0.02685,-0.24043,-0.000151
318,-0.026438,-0.23687,3.1836e-05
319,-0.025966,-0.23291,7.6613e-05
320,-0.025686,-0.22879,1.9846e-06
321,-0.025109,-0.22461,-0.00015473
322,-0.024675,-0.22034,-0.00019205
323,-0.024188,-0.2156,-5.7718e-05
324,-0.023421,-0.21048,2.4373e-05
325,-0.022833,-0.20515,-9.13e-05
326,-0.022376,-0.19948,-0.00010996
327,-0.021796,-0.19363,-5.3986e-05
328,-0.021163,-0.18786,-2.4135e-05
329,-0.020512,-0.18169,5.7956e-05
330,-0.019834,-0.17536,-6.8912e-05
331,-0.019086,-0.16921,-8.0106e-05
332,-0.018337,-0.16272,6.915e-05
333,-0.017783,-0.15629,3.9299e-05
334,-0.017038,-0.14965,0.00010646
335,-0.016267,-0.14285,1.691e-05
336,-0.015769,-0.13627,-0.00012115
337,-0.015005,-0.12956,0.00013631
338,-0.014223,-0.12294,0.00016243
339,-0.013616,-0.1163,-6.1449e-05
340,-0.012961,-0.10972,-4.2792e-05
341,-0.012265,-0.10328,-2.7867e-05
342,-0.011509,-0.09676,-3.1598e-05
343,-0.010992,-0.090445,-9.2096e-06
344,-0.010322,-0.084267,-0.00010249
345,-0.0096443,-0.077967,-5.0255e-05
346,-0.0091502,-0.071913,2.8104e-05
347,-0.0083977,-0.066009,-7.2643e-05
348,-0.00778,-0.059877,-0.00014727
349,-0.0073458,-0.054028,-3.9061e-05
350,-0.0068516,-0.048352,-3.9061e-05
351,-0.0060093,-0.042511,2.4373e-05
352,-0.0052456,-0.036932,0.00027065
353,-0.0049012,-0.031499,2.0642e-05
354,-0.004407,-0.026091,-3.1598e-05
355,-0.0039204,-0.020807,0.00015124
356,-0.0034075,-0.015568,-4.6524e-05
357,-0.0028684,-0.010288,-2.7867e-05
358,-0.0023556,-0.0048171,-9.5032e-05
359,-0.0017641,0.00034726,-0.00013608
360,-0.001487,0.0056312,4.303e-05
361,-0.0010191,0.011195,3.9299e-05
362,-0.00034524,0.016401,3.5567e-05
363,0.00019759,0.021831,-7.2643e-05
364,0.00072169,0.027302,5.716e-06
365,0.0012645,0.03306,-2.7867e-05
366,0.0018672,0.03886,-0.00010996
367,0.0023015,0.044394,0.00011766
368,0.003009,0.050242,4.6761e-05
369,0.0036642,0.055848,8.0344e-05
370,0.0042145,0.061737,3.9299e-05
371,0.0048771,0.067993,-7.2643e-05
372,0.005521,0.074114,6.1687e-05
373,0.0060788,0.080366,4.303e-05
374,0.0064868,0.086812,-9.2096e-06
375,0.007389,0.093501,-5.3986e-05
376,0.0081265,0.10026,1.691e-05
377,0.0087068,0.10717,6.5418e-05
378,0.0096427,0.11424,1.691e-05
379,0.01035,0.12133,-5.0255e-05
380,0.010987,0.12844,4.303e-05
381,0.011709,0.13561,0.00013258
382,0.01242,0.1427,-8.3838e-05
383,0.01321,0.14963,-8.3838e-05
384,0.013978,0.15649,-5.7718e-05
385,0.014554,0.16319,-2.4135e-05
386,0.015258,0.16983,-5.0255e-05
387,0.016003,0.17625,-0.00012861
388,0.016651,0.18244,8.7807e-05
389,0.017302,0.18841,5.716e-06
390,0.017931,0.19407,-8.7569e-05
391,0.018511,0.19949,-6.8912e-05
392,0.018957,0.20457,1.9846e-06
393,0.019623,0.20945,0.00033035
394,0.020267,0.21368,0.0002296
395,0.020596,0.21751,0.00013631
396,0.020978,0.22129,0.00035647
397,0.021312,0.22454,0.00029677
398,0.021682,0.22755,0.00015124
399,0.022019,0.23056,0.00015124
400,0.022214,0.23328,0.0002296
401,0.022588,0.23576,0.00017363
402,0.02294,0.23823,0.00013258
403,0.023243,0.24034,0.00029677
404,0.023419,0.24238,0.00023333
405,0.023636,0.2444,7.2881e-05
406,0.024018,0.24604,0.00027438
407,0.024007,0.24792,0.00031169
408,0.024239,0.24961,0.00011766
409,0.024617,0.2511,0.0001102
410,0.024666,0.25268,9.1538e-05
411,0.024965,0.25384,0.00011766
412,0.025108,0.25505,4.6761e-05
413,0.02522,0.25609,0.00010646
414,0.025523,0.2572,0.00016243
415,0.025624,0.25822,5.716e-06
416,0.025905,0.25892,0.00013631
417,0.025976,0.26013,5.716e-06
418,0.025853,0.261,-5.3986e-05
419,0.026268,0.26199,0.00017736
420,0.026489,0.26323,0.00021094
421,0.026579,0.26416,4.303e-05
422,0.026815,0.26508,-0.00015847
423,0.026886,0.26595,3.1836e-05
424,0.027092,0.26694,0.00011766
425,0.027174,0.26758,3.1836e-05
426,0.027339,0.26817,2.0642e-05
427,0.027436,0.26862,7.2881e-05
428,0.027414,0.26872,9.1538e-05
429,0.027691,0.26885,-2.4135e-05
430,0.027687,0.26859,-7.2643e-05
431,0.027664,0.26826,-0.00012115
432,0.027769,0.2679,-9.5032e-05
433,0.027721,0.26736,-5.3986e-05
434,0.027795,0.26647,-6.1449e-05
435,0.027679,0.26535,-5.7718e-05
436,0.027335,0.26408,-6.8912e-05
437,0.027238,0.26244,-0.00017339
438,0.027118,0.26066,-0.00031892
439,0.026931,0.25857,-0.00017712
440,0.026661,0.25618,-5.0255e-05
441,0.026354,0.2535,-0.00021071
442,0.026234,0.25066,-0.00020324
443,0.025834,0.24782,-4.6524e-05
444,0.025478,0.24466,-6.1449e-05
445,0.025149,0.24124,-6.8912e-05
446,0.024576,0.23756,-1.7468e-06
447,0.024175,0.23396,-0.00010249
448,0.023853,0.23005,-0.00010249
449,0.02349,0.22558,-2.0404e-05
450,0.02291,0.22124,-0.00016593
451,0.022311,0.21652,-0.00030026
452,0.021851,0.21153,-0.00038235
453,0.021225,0.20628,-0.00020697
454,0.020611,0.20067,-0.00012861
455,0.020151,0.195,-0.00032265
456,0.019485,0.18898,-0.00023309
457,0.018747,0.18291,-0.00030772
458,0.018253,0.17662,-0.00033011
459,0.017497,0.17025,-9.13e-05
460,0.016733,0.16386,-0.00016593
461,0.01619,0.1573,-0.00020697
462,0.01537,0.15059,-0.00016593
463,0.014708,0.14356,-0.00028533
464,0.014011,0.13695,-0.00031145
465,0.013274,0.13023,-0.00030399
466,0.012772,0.12331,-0.00037862
467,0.011904,0.11666,-0.00029653
468,0.011241,0.11009,-0.00014727
469,0.010526,0.10368,-0.00024056
470,0.0097026,0.097193,-0.00030399
471,0.0092908,0.090836,-0.00013235
472,0.008572,0.084491,-0.00011369
473,0.0079394,0.078198,-0.00014354
474,0.0073741,0.07207,-0.00012488
475,0.0067526,0.065997,-0.00023309
476,0.0060189,0.06007,-0.00033384
477,0.0052589,0.054024,-0.00024429
478,0.0048996,0.048258,-0.00015473
479,0.0042557,0.042623,-0.0003413
480,0.0036043,0.036823,-0.00023309
481,0.0031738,0.031442,-0.00011742
482,0.0027545,0.026102,-0.00025921
483,0.0021967,0.020504,-0.00018832
484,0.0016464,0.015306,-0.00021444
485,0.001272,0.010127,-0.00023682
486,0.00066179,0.0047381,-0.00025921
487,0.00015266,-0.00035528,-0.00033384
488,-0.00041636,-0.0057065,-0.00028906
489,-0.0011127,-0.011319,-0.00028906
490,-0.0014945,-0.016558,-0.0003413
491,-0.0019026,-0.021981,-0.00027041
492,-0.0025465,-0.027455,-0.00031892
493,-0.0030481,-0.032937,-0.00028906
494,-0.0034225,-0.038759,-6.1449e-05
495,-0.004145,-0.044383,-0.00015847
496,-0.0046878,-0.050093,-0.0002816
497,-0.0050884,-0.055934,-0.00036369
498,-0.005882,-0.061794,-0.00022563
499,-0.0066532,-0.067866,-2.0404e-05
500,-0.0072934,-0.074032,-0.00029653
501,-0.0077725,-0.080422,-0.00039354
502,-0.008364,-0.087104,-0.00031145
503,-0.0091577,-0.093785,-0.00030026
504,-0.0098577,-0.10052,-0.00013235
505,-0.010562,-0.10768,-0.000151
506,-0.011277,-0.11479,-0.0003413
507,-0.012055,-0.12181,-0.00034877
508,-0.012856,-0.12906,-0.00025175
509,-0.013459,-0.13625,-0.00019578
510,-0.014204,-0.14349,-0.00013981
511,-0.015084,-0.15062,-0.00024802
512,-0.015776,-0.15751,-0.00024429
513,-0.016656,-0.16446,-0.00010249
514,-0.017296,-0.1711,-0.00013235
515,-0.017828,-0.17757,-0.0002219
516,-0.018629,-0.18387,-0.0002816
517,-0.019112,-0.18974,-0.00019205
518,-0.019745,-0.19544,-0.00024056
519,-0.020426,-0.20064,-0.00027414
520,-0.020894,-0.20569,-0.00015473
521,-0.021519,-0.21063,-0.00043459
522,-0.022028,-0.21482,-0.00059877
523,-0.022395,-0.21871,-0.00058758
524,-0.022871,-0.22229,-0.00065474
525,-0.023305,-0.22552,-0.00051668
526,-0.023559,-0.22863,-0.00049429
527,-0.02396,-0.23143,-0.00040474
528,-0.024222,-0.23398,-0.00046817
529,-0.024409,-0.23654,-0.00063608
530,-0.024922,-0.23894,-0.00039354
531,-0.02509,-0.24105,-0.00041966
532,-0.025162,-0.24305,-0.00038608
533,-0.025506,-0.2449,-0.00030772
534,-0.025727,-0.24671,-0.00055399
535,-0.025918,-0.24858,-0.00038608
536,-0.026176,-0.25005,-0.00028906
537,-0.026446,-0.2514,-0.00033384
538,-0.026554,-0.25291,-0.00025921
539,-0.02676,-0.25412,-0.00042713
540,-0.02703,-0.25526,-0.00038608
541,-0.027022,-0.25627,-0.00025548
542,-0.027153,-0.25707,-0.00031892
543,-0.027314,-0.25802,-0.00027414
544,-0.027423,-0.25899,-0.0002816
545,-0.027696,-0.25992,-0.00039727
546,-0.027805,-0.26077,-0.00038235
547,-0.027868,-0.26173,-0.00033011
548,-0.028138,-0.26258,-0.0003413
549,-0.028359,-0.2635,-0.00031518
550,-0.028591,-0.26457,-0.00027041
551,-0.028729,-0.26534,-0.00031518
552,-0.028823,-0.26632,-0.00033384
553,-0.029134,-0.26693,-0.00021071
554,-0.029126,-0.26737,-0.0002219
555,-0.02913,-0.26799,-0.00017712
556,-0.029358,-0.26805,-8.7569e-05
557,-0.029276,-0.26816,-0.0002219
558,-0.029257,-0.26807,-0.00020324
559,-0.029208,-0.26753,-0.0001622
560,-0.029336,-0.26711,-0.00024429
561,-0.029545,-0.26651,-0.00026294
562,-0.029223,-0.26567,-0.00027414
563,-0.029208,-0.26461,-0.0002219
564,-0.029231,-0.26319,-0.00016593
565,-0.028973,-0.26158,-0.00025175
566,-0.028864,-0.25974,-0.00021444
567,-0.028684,-0.25753,-0.00022563
568,-0.028374,-0.2551,-0.00018085
569,-0.028007,-0.25251,8.4075e-05
570,-0.027846,-0.24974,-0.00023309
571,-0.027509,-0.24673,-0.00035623
572,-0.027105,-0.24352,-5.7718e-05
573,-0.026809,-0.24025,-0.00011742
574,-0.026311,-0.23681,-2.7867e-05
575,-0.026038,-0.23301,-0.00011369
576,-0.025652,-0.22905,-0.00018459
577,-0.025049,-0.22478,-3.9061e-05
578,-0.024555,-0.2201,-0.00010249
579,-0.023926,-0.21554,-0.00011369
580,-0.023309,-0.21055,-7.2643e-05
581,-0.022871,-0.20517,-1.2941e-05
582,-0.022298,-0.19964,2.0642e-05
583,-0.021714,-0.19378,-9.5032e-05
584,-0.021118,-0.18801,-0.00018459
585,-0.020355,-0.18183,-0.00010623
586,-0.019756,-0.17566,-0.00017712
587,-0.019202,-0.16946,-0.00017339
588,-0.018446,-0.163,2.4373e-05
589,-0.017667,-0.15651,-2.4135e-05
590,-0.017057,-0.14977,-0.00012488
591,-0.01642,-0.14334,6.915e-05
592,-0.015836,-0.13664,0.0001587
593,-0.015005,-0.12981,-7.6375e-05
594,-0.014133,-0.12315,1.691e-05
595,-0.013605,-0.11654,5.0493e-05
596,-0.012849,-0.11011,-0.00026294
597,-0.01225,-0.1034,-0.00013235
598,-0.011722,-0.097242,-3.9061e-05
599,-0.011003,-0.091121,-9.8763e-05
600,-0.010262,-0.084503,1.691e-05
601,-0.009547,-0.078326,-2.0404e-05
602,-0.0090004,-0.072283,5.716e-06
603,-0.0085362,-0.066312,-0.00012861
604,-0.0078811,-0.060333,-0.00013608
605,-0.0071736,-0.05441,5.0493e-05
606,-0.0067955,-0.048729,-3.5329e-05
607,-0.0060879,-0.042948,6.1687e-05
608,-0.0054815,-0.037448,-6.8912e-05
609,-0.0051333,-0.032055,-0.00010249
610,-0.0045231,-0.026476,0.00014751
611,-0.0040177,-0.021125,0.00010273
612,-0.0034075,-0.015931,8.4075e-05
613,-0.0029059,-0.010598,3.1836e-05
614,-0.0024828,-0.0052955,1.9846e-06
615,-0.0019176,-0.00017217,9.4474e-06
616,-0.0012212,0.0052501,-1.2941e-05
617,-0.00067467,0.010755,-0.00010623
618,-0.0004276,0.016005,-3.5329e-05
619,0.00015266,0.021379,0.00013258
620,0.00079656,0.026909,-0.00011742
621,0.0013282,0.032369,-0.00015473
622,0.0018972,0.037922,3.1836e-05
623,0.0024138,0.043688,-6.8912e-05
624,0.0029529,0.04936,-7.2643e-05
625,0.0034208,0.055164,6.915e-05
626,0.0040535,0.061083,-4.6524e-05
627,0.0046974,0.066995,-0.00018459
628,0.0052515,0.073131,-1.6672e-05
629,0.0061012,0.079379,-4.6524e-05
630,0.0066965,0.085806,-0.00012488
631,0.0071569,0.092484,-7.6375e-05
632,0.008018,0.099274,-0.00011369
633,0.0087517,0.10611,-4.2792e-05
634,0.0094555,0.11312,2.8104e-05
635,0.010186,0.12014,-3.1598e-05
636,0.010792,0.12722,-0.00019578
637,0.011616,0.13448,5.716e-06
638,0.012379,0.1415,4.303e-05
639,0.013091,0.14833,-9.8763e-05
640,0.013806,0.15529,0.00015124
641,0.014412,0.16212,-9.2096e-06
642,0.015247,0.16868,-0.00010249
643,0.015951,0.17517,2.0642e-05
644,0.01652,0.18136,3.9299e-05
645,0.01725,0.18742,6.1687e-05
646,0.017759,0.19307,-6.1449e-05
647,0.018246,0.19835,-8.7569e-05
648,0.018927,0.20368,-0.00013981
649,0.019582,0.20835,9.1538e-05
650,0.020009,0.21271,0.00029677
651,0.020372,0.21653,0.00020348
652,0.020836,0.22007,0.00025199
653,0.021364,0.22351,0.00017363
654,0.021727,0.22637,0.00014378
655,0.021858,0.22956,0.00021094
656,0.022199,0.23245,0.00019602
657,0.022498,0.23478,0.00013258
658,0.022768,0.23708,9.527e-05
659,0.023142,0.23933,0.00011766
660,0.023307,0.24158,0.00010273
661,0.02346,0.24348,0.00026691
662,0.02379,0.24525,0.00018855
663,0.02394,0.24695,-2.0404e-05
664,0.024014,0.24854,0.00020348
665,0.024434,0.25001,0.00027065
666,0.024692,0.2515,7.2881e-05
667,0.024857,0.253,1.691e-05
668,0.02504,0.25408,0.00012885
669,0.025096,0.25529,8.0344e-05
670,0.025295,0.2562,-8.3838e-05
671,0.025418,0.25703,-2.0404e-05
672,0.025504,0.25813,6.1687e-05
673,0.02568,0.25899,-1.2941e-05
674,0.025961,0.25992,-1.2941e-05
675,0.026189,0.26077,0.00016617
676,0.026328,0.26192,0.00012139
677,0.02659,0.26312,6.915e-05
678,0.026725,0.26402,0.00017363
679,0.026788,0.26498,4.6761e-05
680,0.027092,0.26578,-6.5181e-05
681,0.027219,0.26657,-5.0255e-05
682,0.027204,0.26706,-2.0404e-05
683,0.027421,0.26741,-1.6672e-05
684,0.027481,0.26771,-1.7468e-06
685,0.027451,0.2677,-8.0106e-05
686,0.027642,0.26763,-0.00024429
687,0.027777,0.26724,-0.00016593
688,0.027612,0.26683,2.0642e-05
689,0.027485,0.26634,-9.2096e-06
690,0.027425,0.26538,-0.00011742
691,0.027399,0.26427,-0.00012861
692,0.027432,0.26312,-2.7867e-05
693,0.027193,0.26171,5.7956e-05
694,0.027114,0.25973,-5.3986e-05
695,0.027032,0.25761,-4.2792e-05
696,0.02668,0.25533,1.691e-05
697,0.026407,0.25267,-0.00010996
698,0.025965,0.24995,-0.00016966
699,0.025714,0.24695,-9.8763e-05
700,0.025471,0.2439,-9.8763e-05
701,0.025006,0.24062,-0.00023309
702,0.024662,0.23713,-8.0106e-05
703,0.024153,0.23343,-8.7569e-05
704,0.023816,0.22939,-0.00029653
705,0.023397,0.2252,-0.0001622
706,0.022846,0.22068,-0.00022563
707,0.022412,0.21615,-0.00025175
708,0.021708,0.21118,-0.00025921
709,0.021252,0.20596,-0.00042713
710,0.020769,0.20059,-0.00026294
711,0.020072,0.19468,-0.000151
712,0.019488,0.18888,-0.00016966
713,0.018635,0.18275,-0.00013235
714,0.017972,0.17643,-0.00018459
715,0.017444,0.17017,-0.00021071
716,0.016707,0.16373,-0.00021444
717,0.016085,0.15719,-0.00029653
718,0.015457,0.15051,-0.00026294
719,0.014712,0.14377,-0.00025921
720,0.013892,0.13691,-0.00026668
721,0.013263,0.13037,-0.0001622
722,0.012548,0.12363,-0.00027787
723,0.011735,0.1169,-0.00034877
724,0.011151,0.11052,-0.00022563
725,0.010541,0.1037,-0.00026668
726,0.0098823,0.097088,-0.00037116
727,0.0091074,0.090829,-0.00026668
728,0.0085009,0.084577,-0.000151
729,0.0079132,0.078329,-0.00018832
730,0.0071944,0.072058,-0.00027041
731,0.0067002,0.065971,-0.00025921
732,0.0060676,0.05994,-0.00019205
733,0.0053563,0.054073,-0.00023682
734,0.0047086,0.048423,-0.00031892
735,0.004338,0.042742,-0.00025921
736,0.0038177,0.036976,-0.00015847
737,0.0031101,0.031472,-0.00028906
738,0.0027545,0.026102,-0.00031145
739,0.0021068,0.020814,-0.00027787
740,0.0016576,0.01559,-0.00030026
741,0.0012645,0.010246,-0.000151
742,0.00051954,0.0050483,-0.00017712
743,1.7893e-05,-0.00017964,-0.00028533
744,-0.00056237,-0.0053328,-0.00023682
745,-0.00098914,-0.010718,-0.0001622
746,-0.0013485,-0.016274,-0.00017712
747,-0.0020149,-0.021517,-0.00020324
748,-0.002509,-0.027044,-0.00026668
749,-0.0031979,-0.032661,-0.00024056
750,-0.0038305,-0.038255,-0.00013235
751,-0.0041525,-0.043961,-0.00025921
752,-0.0047327,-0.049503,-0.00030772
753,-0.0051296,-0.055321,-0.00026668
754,-0.0057959,-0.0613,-0.0002928
755,-0.0065184,-0.067272,-0.00017339
756,-0.0069826,-0.073535,-0.00012115
757,-0.0077501,-0.079768,-0.00019578
758,-0.0083378,-0.086282,-0.00021444
759,-0.0090379,-0.093034,-0.00025175
760,-0.0097604,-0.099734,-0.0002928
761,-0.010475,-0.10677,-0.00033011
762,-0.011303,-0.11382,-0.00034877
763,-0.012003,-0.12099,-0.0002816
764,-0.012748,-0.12826,-0.00034504
765,-0.013515,-0.13545,-0.00030772
766,-0.0142,-0.14267,-0.0002219
767,-0.014878,-0.14976,-0.00037489
768,-0.015664,-0.1568,-0.00017712
769,-0.01633,-0.16356,-0.0001622
770,-0.017176,-0.17031,-0.00037116
771,-0.017809,-0.17677,-8.7569e-05
772,-0.018176,-0.18297,-0.00011742
773,-0.018925,-0.18896,-0.00030399
774,-0.019621,-0.19454,-0.00026294
775,-0.020153,-0.2,-0.00024429
776,-0.020759,-0.20504,-0.00026294
777,-0.021414,-0.20989,-0.0004122
778,-0.021908,-0.21423,-0.00050175
779,-0.02223,-0.2179,-0.00053534
780,-0.022564,-0.22161,-0.00050175
781,-0.023144,-0.22483,-0.00056146
782,-0.023529,-0.22765,-0.0004719
783,-0.023687,-0.23072,-0.00033757
784,-0.024136,-0.23363,-0.00056519
785,-0.024402,-0.23602,-0.00052414
786,-0.024593,-0.23832,-0.00045698
787,-0.025012,-0.24049,-0.00043086
788,-0.025341,-0.24245,-0.00049802
789,-0.025491,-0.24438,-0.0006025
790,-0.025622,-0.24608,-0.00035996
791,-0.025907,-0.2477,-0.00048683
792,-0.026187,-0.24941,-0.00051668
793,-0.026434,-0.25089,-0.00033011
794,-0.026659,-0.25229,-0.00035996
795,-0.026711,-0.25352,-0.00035623
796,-0.026842,-0.2547,-0.00052787
797,-0.027045,-0.25594,-0.00049429
798,-0.027015,-0.25668,-0.00046071
799,-0.027228,-0.25756,-0.00051668
800,-0.027565,-0.25864,-0.00018085
801,-0.027576,-0.25943,-0.00024056
802,-0.027797,-0.26039,-0.00053161
803,-0.028018,-0.26127,-0.00041966
804,-0.028082,-0.26222,-0.00027041
805,-0.028254,-0.26337,-0.00026668
806,-0.028471,-0.26427,-0.00039354
807,-0.028673,-0.26494,-0.00032638
808,-0.028703,-0.26581,-0.00025921
809,-0.028976,-0.26659,-0.00033757
810,-0.029201,-0.26704,-0.00031145
811,-0.029126,-0.26758,-0.00018832
812,-0.029295,-0.26781,-0.00019951
813,-0.029354,-0.26757,-0.00038981
814,-0.029306,-0.26749,-0.00022563
815,-0.029392,-0.26726,-0.00020697
816,-0.029261,-0.26664,-0.00046817
817,-0.029186,-0.2661,-0.00030026
818,-0.029399,-0.26518,-0.00015473
819,-0.029283,-0.26407,-0.00022936
820,-0.028935,-0.26289,-0.00024056
821,-0.02898,-0.26116,-9.8763e-05
822,-0.028924,-0.25936,-7.2643e-05
823,-0.028482,-0.25729,-0.00021444
824,-0.028287,-0.2549,-0.00027041
825,-0.028044,-0.25226,-0.00026294
826,-0.027801,-0.24942,-0.00010996
827,-0.027576,-0.24658,-7.6375e-05
828,-0.027022,-0.24341,-8.3838e-05
829,-0.026809,-0.23998,7.2881e-05
830,-0.026483,-0.23649,-0.000151
831,-0.025985,-0.23301,-0.00020697
832,-0.025596,-0.22921,-1.7468e-06
833,-0.025034,-0.22486,-0.00020324
834,-0.024555,-0.22041,-5.0255e-05
835,-0.024065,-0.21571,8.0344e-05
836,-0.023488,-0.21057,-0.00016593
837,-0.022927,-0.20541,-0.00012488
838,-0.022395,-0.19993,-3.9061e-05
839,-0.021725,-0.19415,2.4373e-05
840,-0.021145,-0.18826,0.00013258
841,-0.020568,-0.18229,6.1687e-05
842,-0.019748,-0.17612,-7.2643e-05
843,-0.019045,-0.16985,2.4373e-05
844,-0.018476,-0.16378,-6.5181e-05
845,-0.01788,-0.15706,-0.00021817
846,-0.017053,-0.15037,-5.0255e-05
847,-0.016368,-0.14399,-6.8912e-05
848,-0.015728,-0.13722,-2.7867e-05
849,-0.014897,-0.13045,7.6613e-05
850,-0.014369,-0.12367,-1.7468e-06
851,-0.01377,-0.11719,7.2881e-05
852,-0.013145,-0.11066,-1.6672e-05
853,-0.012381,-0.10409,-0.00024056
854,-0.011539,-0.097806,-0.00016593
855,-0.011104,-0.091453,-1.2941e-05
856,-0.010337,-0.085247,2.8104e-05
857,-0.0096631,-0.079058,1.9846e-06
858,-0.0092326,-0.072907,5.4224e-05
859,-0.0085849,-0.066824,5.7956e-05
860,-0.007956,-0.060725,-5.3986e-05
861,-0.0071474,-0.054899,-4.6524e-05
862,-0.0066083,-0.049133,-0.00010249
863,-0.0060617,-0.04336,1.691e-05
864,-0.0053504,-0.037717,0.0001102
865,-0.0050734,-0.032272,-9.5032e-05
866,-0.0045268,-0.026824,2.8104e-05
867,-0.0038418,-0.021226,3.1836e-05
868,-0.003415,-0.016032,-6.1449e-05
869,-0.0030069,-0.010931,9.4474e-06
870,-0.0025053,-0.0056243,-0.00014727
871,-0.0018389,-0.00043002,-4.2792e-05
872,-0.0013747,0.0047942,3.9299e-05
873,-0.00096667,0.010078,-0.00010623
874,-0.00047252,0.015635,5.4224e-05
875,0.00015641,0.021046,9.4474e-06
876,0.00072169,0.026431,-7.2643e-05
877,0.0011073,0.032062,1.691e-05
878,0.0018672,0.037488,-4.6524e-05
879,0.0023988,0.043236,-3.1598e-05
880,0.0028181,0.048923,-9.13e-05
881,0.003447,0.054529,-6.1449e-05
882,0.00393,0.060519,0.00010273
883,0.0045776,0.066543,3.9299e-05
884,0.005229,0.072634,5.7956e-05
885,0.0059964,0.078972,0.00010273
886,0.0066516,0.085414,-0.00015473
887,0.0073217,0.092013,-0.00012115
888,0.0080105,0.098759,-5.3986e-05
889,0.0084522,0.10542,-0.00024056
890,0.0093806,0.11257,2.8104e-05
891,0.010174,0.11964,0.00010646
892,0.010788,0.12656,-0.00012115
893,0.011586,0.13386,-9.5032e-05
894,0.012207,0.14093,-4.6524e-05
895,0.012873,0.14797,-5.0255e-05
896,0.013618,0.15499,-6.5181e-05
897,0.014393,0.16171,-3.9061e-05
898,0.015273,0.16833,-0.00010623
899,0.015943,0.1748,-0.00010623
900,0.016362,0.18097,-9.13e-05
901,0.01701,0.18693,-7.2643e-05
902,0.017676,0.19264,1.3179e-05
903,0.018208,0.19807,-6.8912e-05
904,0.018826,0.2032,-3.5329e-05
905,0.019571,0.20784,8.7807e-05
906,0.020144,0.21222,0.00028557
907,0.02048,0.21639,0.00031542
908,0.021031,0.22004,0.0002296
909,0.021177,0.22334,0.00029677
910,0.021368,0.22646,0.00019602
911,0.021985,0.22938,0.00020348
912,0.022086,0.23213,0.00015124
913,0.022423,0.23458,0.00012139
914,0.022858,0.23696,0.00029303
915,0.022985,0.23931,0.00024453
916,0.023281,0.24136,0.00012512
917,0.023573,0.24326,8.7807e-05
918,0.023846,0.24524,6.915e-05
919,0.023969,0.24704,0.00012512
920,0.024123,0.24867,0.00015124
921,0.024366,0.2501,3.5567e-05
922,0.024673,0.25152,0.00020721
923,0.024913,0.25296,0.00033408
924,0.024969,0.25424,0.00025572
925,0.025231,0.25551,0.0001699
926,0.025351,0.25639,-3.1598e-05
927,0.025486,0.25741,5.4224e-05
928,0.025778,0.25853,9.1538e-05
929,0.025935,0.2593,0.0001102
930,0.02601,0.2603,0.00015497
931,0.026201,0.26139,1.3179e-05
932,0.026523,0.26255,5.0493e-05
933,0.026538,0.26354,3.1836e-05
934,0.026575,0.26436,-1.6672e-05
935,0.026747,0.26535,3.5567e-05
936,0.027107,0.26618,-5.0255e-05
937,0.027342,0.26694,-0.00017712
938,0.027283,0.2676,-5.0255e-05
939,0.027447,0.26806,0.00018855
940,0.027548,0.26827,9.4474e-06
941,0.02756,0.26828,-0.0001622
942,0.027661,0.26814,-6.5181e-05
943,0.027792,0.26778,-7.6375e-05
944,0.027646,0.26732,4.303e-05
945,0.027556,0.26678,0.00013258
946,0.027612,0.26611,-4.2792e-05
947,0.027451,0.26506,-1.2941e-05
948,0.027436,0.26362,-6.5181e-05
949,0.027268,0.26204,-0.00024429
950,0.027035,0.26031,-0.00011742
951,0.026949,0.25821,-0.00013981
952,0.026755,0.25591,-7.2643e-05
953,0.026403,0.25337,1.691e-05
954,0.026002,0.25059,-0.00023309
955,0.025897,0.24771,-0.00015847
956,0.025605,0.24443,-0.00012488
957,0.024973,0.24129,-0.0001622
958,0.024625,0.23808,-8.3838e-05
959,0.024366,0.23422,-0.00015847
960,0.023932,0.23022,-0.00010996
961,0.023438,0.22603,-0.00018459
962,0.023022,0.22162,-0.00024802
963,0.022611,0.21696,-0.00021071
964,0.021918,0.21198,-0.00024429
965,0.021293,0.2068,-6.8912e-05
966,0.020765,0.20117,-0.00013235
967,0.020155,0.19561,-0.00030399
968,0.019552,0.18978,-0.00023682
969,0.018792,0.18356,-0.00027787
970,0.018141,0.17751,-0.00021817
971,0.01753,0.17116,-0.00026668
972,0.016771,0.1647,-0.00027414
973,0.01616,0.15806,-0.00018459
974,0.015513,0.15147,-0.00021071
975,0.014858,0.14482,-0.00012488
976,0.014109,0.138,-0.000151
977,0.013345,0.13146,-0.00027041
978,0.012724,0.12464,-0.00030399
979,0.011994,0.118,-0.00016593
980,0.011421,0.11132,-0.00027041
981,0.010695,0.10454,-0.00030772
982,0.0098711,0.098217,-0.00012861
983,0.0092871,0.091871,-0.00018085
984,0.0086806,0.085534,-0.00013608
985,0.0080329,0.079226,-0.00022936
986,0.0073516,0.073049,-0.00021444
987,0.0067788,0.06704,-0.00017339
988,0.0061649,0.061005,-0.00027787
989,0.005521,0.055059,-0.00017712
990,0.0049969,0.049159,-0.00034504
991,0.0044578,0.043337,-0.00042713
992,0.0039936,0.037754,-0.00025175
993,0.0033871,0.032238,-0.00034877
994,0.0028181,0.026808,-0.00040474
995,0.0023015,0.02139,-0.00026294
996,0.0014554,0.015964,-0.00025921
997,0.0011559,0.010882,-0.00024802
998,0.00090138,0.0057097,-0.0001622
999,0.00013394,0.00032858,-0.0002219
1000,-0.00035647,-0.0051198,-0.00026294
1001,-0.00089929,-0.010501,-0.00028906
1002,-0.0014234,-0.015721,-0.00024429
1003,-0.0018577,-0.021215,-0.00021444
1004,-0.0023743,-0.026827,-0.00033757
1005,-0.0029807,-0.032388,-0.0002219
1006,-0.0036883,-0.037952,-0.00021817
1007,-0.0040626,-0.043595,-0.00014727
1008,-0.0045268,-0.049346,-3.5329e-05
1009,-0.0053018,-0.055078,-0.00022936
1010,-0.0059307,-0.060987,-0.00018459
1011,-0.0065596,-0.067134,-0.00038235
1012,-0.0071549,-0.073445,-0.00030772
1013,-0.0077538,-0.079824,-1.7468e-06
1014,-0.0084239,-0.086297,-0.00031518
1015,-0.0090379,-0.093027,-0.00025921
1016,-0.0096369,-0.099757,-0.00022936
1017,-0.010457,-0.10668,-0.00030399
1018,-0.011224,-0.11392,-6.1449e-05
1019,-0.011786,-0.12092,-0.00010623
1020,-0.012796,-0.12807,-0.00011369
1021,-0.01365,-0.1354,-0.00019578
1022,-0.014148,-0.14252,-0.00030772
1023,-0.0149,-0.14965,-0.00019951
1024,-0.015627,-0.15664,-0.00021071
1025,-0.016402,-0.16351,-0.00024429
1026,-0.017049,-0.17022,-0.00013235
1027,-0.017637,-0.17667,-5.0255e-05
1028,-0.018315,-0.18295,-0.00030399
1029,-0.018947,-0.18891,-0.00034877
1030,-0.019569,-0.19443,-0.00018832
1031,-0.020201,-0.19981,-0.00028906
1032,-0.02089,-0.20504,-0.00026294
1033,-0.021586,-0.20981,-0.00041966
1034,-0.022185,-0.21415,-0.00056519
1035,-0.022346,-0.21803,-0.00052041
1036,-0.02268,-0.22167,-0.00065474
1037,-0.023267,-0.22492,-0.00063235
1038,-0.023492,-0.22785,-0.00055399
1039,-0.023851,-0.23083,-0.00048683
1040,-0.024226,-0.2335,-0.00045325
1041,-0.024454,-0.23604,-0.00041593
1042,-0.024825,-0.23849,-0.00031518
1043,-0.025057,-0.24052,-0.00044578
1044,-0.025214,-0.24259,-0.00038981
1045,-0.025532,-0.24464,-0.00036369
1046,-0.025794,-0.2464,-0.00045698
1047,-0.025925,-0.24821,-0.00031145
1048,-0.026086,-0.24989,-0.00044951
1049,-0.026303,-0.25124,-0.00046817
1050,-0.026509,-0.2527,-0.00034877
1051,-0.026644,-0.25405,-0.00053534
1052,-0.026917,-0.25524,-0.00056892
1053,-0.027134,-0.25627,-0.00042713
1054,-0.027067,-0.25722,-0.00037862
1055,-0.027288,-0.25831,-0.00030026
1056,-0.027745,-0.25926,-0.00018085
1057,-0.02776,-0.2602,-0.0002219
1058,-0.027801,-0.2611,-0.0002928
1059,-0.028171,-0.26202,-0.00021817
1060,-0.028171,-0.263,-0.00013981
1061,-0.028213,-0.26398,-0.0003413
1062,-0.02852,-0.26492,-0.00037116
1063,-0.028636,-0.26572,-0.00021817
1064,-0.028834,-0.26661,-0.00025548
1065,-0.028935,-0.26726,-0.0002928
1066,-0.02898,-0.26781,-0.00044205
1067,-0.029291,-0.2683,-0.00035623
1068,-0.029381,-0.26843,-0.00026294
1069,-0.029227,-0.26834,-0.00033011
1070,-0.02931,-0.26828,-0.00016593
1071,-0.029411,-0.26809,-9.8763e-05
1072,-0.029403,-0.26747,-0.00010623
1073,-0.029489,-0.26684,-0.0001622
1074,-0.029478,-0.26596,-0.00022563
1075,-0.029324,-0.26477,-0.00016966
1076,-0.029223,-0.26353,-0.00019205
1077,-0.029096,-0.26186,-0.00010996
1078,-0.028838,-0.26008,-0.00012115
1079,-0.028576,-0.25803,-0.00027787
1080,-0.028433,-0.25564,-0.00021444
1081,-0.028186,-0.25311,-0.00018832
1082,-0.027775,-0.25035,-0.00021444
1083,-0.027565,-0.24735,-0.00021444
1084,-0.027236,-0.24415,-0.00023682
1085,-0.026816,-0.24095,-8.3838e-05
1086,-0.02655,-0.2375,-0.00010996
1087,-0.02594,-0.23364,-0.00018459
1088,-0.025435,-0.22962,-0.00019205
1089,-0.02512,-0.22554,-0.000151
1090,-0.024566,-0.22112,3.9299e-05
1091,-0.023975,-0.21629,-1.2941e-05
1092,-0.023522,-0.2114,-2.7867e-05
1093,-0.023031,-0.20623,-0.00016593
1094,-0.022376,-0.2005,-0.00012861
1095,-0.021841,-0.19488,1.691e-05
1096,-0.021208,-0.18907,-8.0106e-05
1097,-0.020546,-0.18275,-2.0404e-05
1098,-0.019965,-0.17676,-3.5329e-05
1099,-0.019179,-0.1704,-8.7569e-05
1100,-0.018498,-0.16387,-0.00012861
1101,-0.017974,-0.15756,-5.7718e-05
1102,-0.017266,-0.15087,-7.2643e-05
1103,-0.016503,-0.14432,-9.8763e-05
1104,-0.015743,-0.13771,4.6761e-05
1105,-0.015016,-0.13097,-9.2096e-06
1106,-0.014391,-0.12431,-2.7867e-05
1107,-0.013665,-0.11765,9.9001e-05
1108,-0.013223,-0.11117,3.1836e-05
1109,-0.012516,-0.10472,6.915e-05
1110,-0.011606,-0.098288,8.0344e-05
1111,-0.011078,-0.092003,-0.00016593
1112,-0.010326,-0.085758,1.3179e-05
1113,-0.0097791,-0.07954,5.7956e-05
1114,-0.0092438,-0.073419,-0.00010249
1115,-0.00854,-0.067444,-0.00010996
1116,-0.0080196,-0.061315,-0.000151
1117,-0.0074319,-0.055374,-5.4782e-06
1118,-0.0068404,-0.049679,9.527e-05
1119,-0.0060879,-0.043946,-6.5181e-05
1120,-0.0056312,-0.03827,-0.00012488
1121,-0.0052381,-0.032511,0.00010273
1122,-0.004407,-0.02722,-0.00012861
1123,-0.0040027,-0.021943,-0.00030399
1124,-0.0034599,-0.016473,-1.6672e-05
1125,-0.002801,-0.011226,3.1836e-05
1126,-0.0025877,-0.0059083,-2.4135e-05
1127,-0.001955,-0.00069907,-6.1449e-05
1128,-0.0014309,0.0047643,4.6761e-05
1129,-0.00098165,0.010127,9.1538e-05
1130,-0.00026288,0.015351,-0.00010623
1131,4.0355e-05,0.02108,-5.3986e-05
1132,0.00063559,0.026629,5.4224e-05
1133,0.0013881,0.03198,2.0642e-05
1134,0.0018672,0.037645,-4.6524e-05
1135,0.0024063,0.043381,-0.00013981
1136,0.0028892,0.049192,-5.7718e-05
1137,0.0034882,0.055026,-5.3986e-05
1138,0.0040947,0.060855,-0.00018832
1139,0.004806,0.067129,-0.00021444
1140,0.0053263,0.073404,-0.000151
1141,0.005813,0.079596,5.716e-06
1142,0.0066665,0.086098,-5.4782e-06
1143,0.0073029,0.092522,-0.00018459
1144,0.0079918,0.099132,-3.1598e-05
1145,0.008587,0.106,9.527e-05
1146,0.0092122,0.11302,-0.00012488
1147,0.010189,0.12018,-0.00012115
1148,0.010893,0.12708,-0.0001622
1149,0.011571,0.13433,-0.00016966
1150,0.012405,0.14159,2.0642e-05
1151,0.013068,0.14846,-0.00012115
1152,0.013712,0.1554,-6.8912e-05
1153,0.014453,0.16208,7.6613e-05
1154,0.015172,0.16871,-0.000151
1155,0.015737,0.17525,-0.00011369
1156,0.016314,0.1814,-1.6672e-05
1157,0.017167,0.18737,-0.00011742
1158,0.01774,0.19316,-6.5181e-05
1159,0.018156,0.1986,-2.4135e-05
1160,0.018863,0.20378,1.9846e-06
1161,0.019533,0.20854,0.00016617
1162,0.020117,0.2129,0.0002893
1163,0.020398,0.21705,0.00016617
1164,0.020862,0.22068,9.1538e-05
1165,0.021416,0.22405,0.00022214
1166,0.021562,0.22719,0.00016243
1167,0.022042,0.22998,0.00017736
1168,0.022307,0.23285,0.00026318
1169,0.022487,0.23554,0.00017736
1170,0.022884,0.23776,0.00019975
1171,0.023049,0.24002,0.00011393
1172,0.023449,0.24221,0.00015497
1173,0.023644,0.24408,0.00011766
1174,0.02394,0.24605,7.6613e-05
1175,0.024232,0.2478,0.00034154
1176,0.024246,0.24939,0.0001699
1177,0.024598,0.25098,0.00017363
1178,0.024756,0.2523,0.00011393
1179,0.024905,0.25385,-0.00011742
1180,0.025164,0.2552,8.4075e-05
1181,0.025269,0.25628,9.4474e-06
1182,0.02537,0.25749,5.0493e-05
1183,0.025501,0.25843,0.00014751
1184,0.025665,0.25945,6.5418e-05
1185,0.025808,0.26039,0.00021094
1186,0.026107,0.26135,0.00016617
1187,0.026339,0.26253,0.00014378
1188,0.026504,0.26337,8.0344e-05
1189,0.026773,0.2644,-2.7867e-05
1190,0.026904,0.26548,0.00018482
1191,0.026972,0.26622,0.00011766
1192,0.027092,0.26712,3.9299e-05
1193,0.02735,0.2679,6.1687e-05
1194,0.027481,0.2685,-4.2792e-05
1195,0.027481,0.26895,6.5418e-05
1196,0.027631,0.26911,3.1836e-05
1197,0.027702,0.26918,7.6613e-05
1198,0.027762,0.26908,6.5418e-05
1199,0.027765,0.26891,-0.00011369
1200,0.027765,0.26844,1.691e-05
1201,0.027728,0.26779,-7.6375e-05
1202,0.027586,0.26701,-0.00016966
1203,0.027661,0.26576,-6.5181e-05
1204,0.02756,0.2646,-8.3838e-05
1205,0.027357,0.26315,-9.2096e-06
1206,0.027223,0.26128,2.0642e-05
1207,0.026964,0.25919,-9.2096e-06
1208,0.026867,0.25681,-5.7718e-05
1209,0.026605,0.25428,-0.00011742
1210,0.026219,0.25142,-9.5032e-05
1211,0.026017,0.24865,-0.00013981
1212,0.02565,0.24542,-0.00012115
1213,0.025209,0.24193,-5.3986e-05
1214,0.024883,0.23856,-0.00011742
1215,0.024396,0.23474,-0.00017339
1216,0.023932,0.23097,-0.00027041
1217,0.02355,0.22665,-0.00024056
1218,0.023078,0.22208,-0.00010623
1219,0.022611,0.21755,-0.00011369
1220,0.021978,0.21239,-0.00017712
1221,0.021401,0.20727,-0.00030399
1222,0.020832,0.20189,-0.00022563
1223,0.02026,0.19606,-0.00015473
1224,0.019724,0.19014,-0.00024802
1225,0.018957,0.18409,-0.00017712
1226,0.018313,0.17789,-0.00020697
1227,0.017572,0.17148,-0.00021817
1228,0.016834,0.16503,-0.0001622
1229,0.016389,0.15836,-0.00015473
1230,0.015677,0.15177,-0.00013981
1231,0.014741,0.14511,-0.00027414
1232,0.014131,0.13831,-0.00022936
1233,0.013525,0.13166,-0.00012861
1234,0.01263,0.12483,-0.00021444
1235,0.01196,0.11804,-0.00024056
1236,0.011369,0.11145,-0.00019205
1237,0.01059,0.10481,-0.00017339
1238,0.009931,0.098381,-0.00019205
1239,0.0093582,0.09201,-0.00013608
1240,0.0087742,0.085721,-0.00013608
1241,0.0081303,0.079585,-0.00017339
1242,0.0073741,0.073131,-0.00018459
1243,0.0067002,0.066872,-0.00026668
1244,0.00609,0.061046,-0.00037862
1245,0.0056483,0.055212,-0.00034504
1246,0.0051317,0.049394,-0.00020324
1247,0.0043567,0.043707,-0.0002219
1248,0.0038738,0.038236,-0.00015473
1249,0.003331,0.032578,-7.2643e-05
1250,0.0027133,0.026995,-0.00027041
1251,0.0023052,0.02158,-0.00022936
1252,0.0016988,0.016184,-0.00014354
1253,0.001141,0.011012,-0.00016966
1254,0.00073292,0.0057209,-0.00010623
1255,0.00016389,0.00029121,-0.00028533
1256,-0.00039016,-0.0050189,-0.00026294
1257,-0.0008319,-0.010258,-0.00021817
1258,-0.0014009,-0.015579,-0.00031145
1259,-0.0019587,-0.021192,-0.00021817
1260,-0.0024454,-0.02685,-0.00016966
1261,-0.0029957,-0.032276,-0.00013235
1262,-0.0035722,-0.038098,-0.00019951
1263,-0.0042461,-0.043823,-0.00018459
1264,-0.0047627,-0.049376,-0.00022936
1265,-0.0052194,-0.055519,-0.00031892
1266,-0.0058783,-0.061547,-0.00030772
1267,-0.0065446,-0.067567,-0.00029653
1268,-0.0070987,-0.073774,-0.00014727
1269,-0.0077239,-0.080149,-0.00020697
1270,-0.0084876,-0.0867,-0.0003525
1271,-0.009109,-0.093225,-0.00019205
1272,-0.0096968,-0.099989,-0.00011369
1273,-0.010472,-0.10707,-0.00036742
1274,-0.011325,-0.11436,-0.00037862
1275,-0.011958,-0.12137,-0.00030399
1276,-0.012781,-0.12854,-0.0002816
1277,-0.013665,-0.13593,-0.0001622
1278,-0.014152,-0.14302,-0.00023682
1279,-0.014994,-0.15009,-0.00019578
1280,-0.015754,-0.15705,-0.00022936
1281,-0.01636,-0.16392,-0.00027414
1282,-0.017206,-0.17059,-0.00024429
1283,-0.017697,-0.1772,-0.00025548
1284,-0.018356,-0.18349,-0.00020324
1285,-0.019097,-0.18922,-0.00030026
1286,-0.019546,-0.19505,-0.00027787
1287,-0.020216,-0.20053,-0.0002928
1288,-0.020845,-0.20548,-0.0003413
1289,-0.021482,-0.21039,-0.00042713
1290,-0.021998,-0.21486,-0.00060996
1291,-0.022268,-0.21867,-0.00049056
1292,-0.022799,-0.22226,-0.0004122
1293,-0.023249,-0.22581,-0.00056519
1294,-0.023552,-0.22883,-0.00067713
1295,-0.024005,-0.23152,-0.00059877
1296,-0.024297,-0.23438,-0.00059131
1297,-0.024424,-0.23694,-0.00058011
1298,-0.024806,-0.23912,-0.00046444
1299,-0.025214,-0.24134,-0.00051295
1300,-0.025356,-0.24345,-0.00055026
1301,-0.02557,-0.24536,-0.00052041
1302,-0.025865,-0.24713,-0.00045698
1303,-0.025985,-0.24883,-0.00044205
1304,-0.026176,-0.25054,-0.00047937
1305,-0.026535,-0.25207,-0.00038981
1306,-0.02673,-0.25341,-0.00037489
1307,-0.026771,-0.2546,-0.00049429
1308,-0.026929,-0.25584,-0.0003413
1309,-0.027172,-0.25697,-0.00034877
1310,-0.027269,-0.25778,-0.00050922
1311,-0.027426,-0.25878,-0.00031518
1312,-0.027602,-0.25963,-0.00025921
1313,-0.027797,-0.26066,-0.00023682
1314,-0.027891,-0.26179,-0.00033384
1315,-0.027909,-0.26237,-0.00028533
1316,-0.028325,-0.26341,-0.00018085
1317,-0.028538,-0.26451,-0.00041593
1318,-0.028602,-0.26538,-0.00027414
1319,-0.028849,-0.2664,-0.00025921
1320,-0.028913,-0.26711,-0.0002928
1321,-0.02904,-0.26791,-0.00011742
1322,-0.029156,-0.26861,-0.00018832
1323,-0.02925,-0.26882,-0.00021817
1324,-0.029295,-0.26912,-0.00024429
1325,-0.029212,-0.26928,-0.0003413
1326,-0.02956,-0.26923,-0.00027414
1327,-0.029549,-0.26889,-0.00017712
1328,-0.029302,-0.26824,-0.00018085
1329,-0.029508,-0.26781,-0.00028906
1330,-0.029354,-0.26704,-0.00041966
1331,-0.029369,-0.26579,-0.00021444
1332,-0.029493,-0.2646,-0.00019205
1333,-0.029216,-0.26314,-0.00035623
1334,-0.028991,-0.26109,-0.000151
1335,-0.028785,-0.25892,-0.00015473
1336,-0.028666,-0.25667,-0.00024056
1337,-0.028261,-0.25391,-0.00018085
1338,-0.027842,-0.25118,-0.00026294
1339,-0.027689,-0.24824,-0.00013981
1340,-0.027251,-0.24492,-8.3838e-05
1341,-0.027015,-0.24168,-0.00016593
1342,-0.02673,-0.23796,1.691e-05
1343,-0.026262,-0.23417,-3.1598e-05
1344,-0.025805,-0.2304,-0.00024056
1345,-0.025192,-0.22605,-0.00021444
1346,-0.024843,-0.22158,-5.3986e-05
1347,-0.024229,-0.21691,8.4075e-05
1348,-0.023698,-0.21174,-1.7468e-06
1349,-0.023215,-0.20658,-2.0404e-05
1350,-0.022391,-0.20122,1.3179e-05
1351,-0.021923,-0.19535,-5.0255e-05
1352,-0.021201,-0.18951,-2.0404e-05
1353,-0.020516,-0.18341,5.7956e-05
1354,-0.020052,-0.17725,4.6761e-05
1355,-0.019262,-0.17101,-6.5181e-05
1356,-0.018704,-0.16429,1.9846e-06
1357,-0.018011,-0.15801,-1.7468e-06
1358,-0.017162,-0.1515,2.4373e-05
1359,-0.016529,-0.14466,0.00012885
1360,-0.015776,-0.13818,-6.1449e-05
1361,-0.015125,-0.13133,-1.2941e-05
1362,-0.014406,-0.12463,9.1538e-05
1363,-0.013665,-0.11806,9.9001e-05
1364,-0.013115,-0.11146,-2.0404e-05
1365,-0.012531,-0.10498,-9.8763e-05
1366,-0.011797,-0.098535,-5.4782e-06
1367,-0.011067,-0.092238,-5.4782e-06
1368,-0.010453,-0.085811,8.0344e-05
1369,-0.0097417,-0.079578,-8.3838e-05
1370,-0.0092138,-0.073494,-4.2792e-05
1371,-0.0087047,-0.067407,3.5567e-05
1372,-0.008102,-0.061465,-8.0106e-05
1373,-0.0073645,-0.055594,3.1836e-05
1374,-0.0067019,-0.04978,-0.00018459
1375,-0.0063425,-0.043987,-0.00019578
1376,-0.0055488,-0.038457,5.0493e-05
1377,-0.0048713,-0.032874,-9.2096e-06
1378,-0.0044857,-0.027325,-0.0001622
1379,-0.0038717,-0.022153,-0.00013235
1380,-0.0035273,-0.016842,-8.0106e-05
1381,-0.0031679,-0.011413,-2.4135e-05
1382,-0.0025615,-0.0060989,0.00014378
1383,-0.0021234,-0.00085229,-5.3986e-05
1384,-0.0014608,0.0043794,-0.00024056
1385,-0.00091426,0.0097755,-0.000151
1386,-0.00049124,0.015216,9.4474e-06
1387,0.00017512,0.020642,3.9299e-05
1388,0.00061687,0.026263,-0.0001622
1389,0.0012046,0.03179,-0.00015473
1390,0.0017362,0.037451,-6.5181e-05
1391,0.0022416,0.043161,-4.2792e-05
1392,0.0028818,0.048636,-5.0255e-05
1393,0.0035444,0.054674,-4.2792e-05
1394,0.004076,0.060668,7.2881e-05
1395,0.0045926,0.066576,0.00021094
1396,0.0054386,0.072888,8.4075e-05
1397,0.0058766,0.079065,-0.0001622
1398,0.0066366,0.085515,-5.4782e-06
1399,0.007288,0.092174,3.9299e-05
1400,0.0075949,0.098893,-0.000151
1401,0.0086282,0.10573,-0.00010249
1402,0.0093769,0.1126,-5.7718e-05
1403,0.010081,0.11982,5.0493e-05
1404,0.010897,0.12703,6.915e-05
1405,0.011522,0.13404,-5.7718e-05
1406,0.012297,0.141,9.1538e-05
1407,0.013046,0.14796,9.4474e-06
1408,0.013761,0.15485,-0.0001622
1409,0.014438,0.16168,2.0642e-05
1410,0.015067,0.16835,2.4373e-05
1411,0.015775,0.17469,-9.8763e-05
1412,0.016561,0.18102,-2.4135e-05
1413,0.017092,0.18706,3.9299e-05
1414,0.017613,0.19288,-1.2941e-05
1415,0.018238,0.19846,-6.1449e-05
1416,0.018815,0.20362,-5.3986e-05
1417,0.019604,0.2086,0.00011766
1418,0.020177,0.21302,0.00022587
1419,0.020499,0.21701,0.00021094
1420,0.020847,0.2208,0.00033781
1421,0.021214,0.22425,0.00034154
1422,0.021693,0.22721,0.00028557
1423,0.021873,0.23008,0.00021841
1424,0.022131,0.23293,0.00019602
1425,0.022611,0.23549,0.00028557
1426,0.02276,0.23802,8.7807e-05
1427,0.023082,0.2402,0.00012512
1428,0.023453,0.2423,0.00025572
1429,0.023651,0.24439,0.0001102
1430,0.02391,0.24606,0.00021467
1431,0.024018,0.24779,0.00013631
1432,0.024239,0.24947,0.0001587
1433,0.024538,0.251,0.00022587
1434,0.024684,0.25242,0.00012885
1435,0.024883,0.25368,0.0002296
1436,0.024958,0.25496,0.00014751
1437,0.025048,0.25604,0.00019229
1438,0.025366,0.25699,0.00014751
1439,0.02568,0.25803,8.4075e-05
1440,0.02592,0.25911,0.00011393
1441,0.026028,0.26003,-4.2792e-05
1442,0.0261,0.26095,4.303e-05
1443,0.026189,0.26201,0.00012512
1444,0.026324,0.26309,0.00013258
1445,0.026665,0.26405,8.0344e-05
1446,0.026781,0.26502,5.0493e-05
1447,0.026803,0.26606,-2.0404e-05
1448,0.027204,0.2669,-0.000151
1449,0.027256,0.26772,0.00011393
1450,0.02735,0.26831,3.5567e-05
1451,0.027668,0.26881,-0.00012488
1452,0.027571,0.26912,2.8104e-05
1453,0.027691,0.26904,-0.00012115
1454,0.02778,0.26915,-0.00010996
1455,0.027751,0.26886,6.1687e-05
1456,0.027825,0.26831,5.7956e-05
1457,0.027762,0.26787,-4.6524e-05
1458,0.027691,0.26698,-9.5032e-05
1459,0.027631,0.26611,-1.7468e-06
1460,0.027567,0.26493,6.5418e-05
1461,0.027301,0.26322,0.00010273
1462,0.027174,0.26141,-6.8912e-05
1463,0.027095,0.25928,-6.5181e-05
1464,0.026889,0.25704,3.5567e-05
1465,0.026665,0.25459,-0.00022936
1466,0.026193,0.25174,-0.00019205
1467,0.025999,0.24864,-5.7718e-05
1468,0.025643,0.24539,-0.00011742
1469,0.025108,0.24212,-0.00010996
1470,0.024894,0.23863,-0.0002816
1471,0.024587,0.23506,-0.00027787
1472,0.024119,0.23119,-0.00024429
1473,0.02361,0.22689,-0.00023682
1474,0.023123,0.22232,-0.00018832
1475,0.022506,0.21764,-0.00033384
1476,0.021989,0.21304,-0.00018832
1477,0.021491,0.20781,-0.0001622
1478,0.020844,0.20217,-0.00030026
1479,0.020391,0.19661,-0.00021444
1480,0.019818,0.19073,-0.00018459
1481,0.018968,0.1846,-0.00012488
1482,0.018335,0.17831,-0.00027414
1483,0.017755,0.17189,-0.00042339
1484,0.016827,0.16554,-0.00018085
1485,0.016145,0.15898,-0.00011369
1486,0.015689,0.1523,-0.00012861
1487,0.014977,0.14569,-1.2941e-05
1488,0.014285,0.13888,-0.00010996
1489,0.013555,0.13199,-6.1449e-05
1490,0.012746,0.12506,-0.00024056
1491,0.012039,0.11833,-0.00045698
1492,0.011271,0.11179,-0.00026294
1493,0.010605,0.10523,-0.00022563
1494,0.010047,0.098736,-0.00021817
1495,0.0093694,0.092268,-0.00025548
1496,0.0086881,0.08612,-8.3838e-05
1497,0.0080105,0.079779,1.691e-05
1498,0.0074153,0.073411,-0.00024802
1499,0.0067676,0.067462,-0.00013608
1500,0.0060414,0.06139,-0.00014727
1501,0.0055322,0.055523,-0.00033384
1502,0.0049894,0.049798,-0.00026668
1503,0.0043006,0.044084,-0.00030399
1504,0.0037802,0.03858,-0.00027787
1505,0.0033647,0.032873,-0.00020697
1506,0.0028443,0.027302,-0.00020697
1507,0.0022641,0.022156,-0.00025921
1508,0.0017924,0.016891,-0.00023682
1509,0.0012945,0.011416,-0.00026668
1510,0.00080031,0.0061656,-0.00038235
1511,0.00027246,0.0010162,-0.00027041
1512,-0.00037519,-0.0044285,-0.00018459
1513,-0.00087683,-0.0097349,-0.000151
1514,-0.0014234,-0.015034,-0.00023309
1515,-0.0017641,-0.020692,-0.00031145
1516,-0.0023556,-0.026088,-0.00019951
1517,-0.0030818,-0.03157,-0.00013235
1518,-0.0033776,-0.037407,-0.00021817
1519,-0.004014,-0.042922,-0.00029653
1520,-0.0046841,-0.04861,-0.00021071
1521,-0.0052306,-0.054529,-0.00011742
1522,-0.005751,-0.0604,-0.00020697
1523,-0.0064286,-0.066543,-0.00031518
1524,-0.0071661,-0.072702,-0.0002219
1525,-0.007634,-0.079054,-0.00019951
1526,-0.0083116,-0.085534,-0.00024802
1527,-0.0090454,-0.092201,-0.00033757
1528,-0.0097791,-0.099092,-0.00017712
1529,-0.010528,-0.10595,-4.2792e-05
1530,-0.011078,-0.11301,-0.0003413
1531,-0.011861,-0.12004,-0.00022563
1532,-0.012621,-0.12726,-0.00013608
1533,-0.013219,-0.13437,-0.00019578
1534,-0.014114,-0.14146,-9.8763e-05
1535,-0.014792,-0.14891,-0.00032638
1536,-0.015503,-0.15584,-0.00037862
1537,-0.016338,-0.16265,-0.00025921
1538,-0.016914,-0.16942,-0.00024056
1539,-0.017663,-0.17579,-8.3838e-05
1540,-0.018389,-0.18209,-0.0001622
1541,-0.018891,-0.18812,-0.00024802
1542,-0.019445,-0.19389,-0.00028906
1543,-0.020198,-0.19953,-0.00034504
1544,-0.020778,-0.20463,-0.00025548
1545,-0.021437,-0.20948,-0.00046444
1546,-0.022058,-0.21388,-0.00055399
1547,-0.022242,-0.21766,-0.00053161
1548,-0.02268,-0.22149,-0.00053534
1549,-0.023118,-0.22491,-0.00056892
1550,-0.023507,-0.22798,-0.00055026
1551,-0.023885,-0.23081,-0.00032638
1552,-0.023975,-0.23333,-0.0004122
1553,-0.024256,-0.23585,-0.00037862
1554,-0.024608,-0.23809,-0.00041966
1555,-0.024944,-0.24047,-0.00059504
1556,-0.025296,-0.24272,-0.00046444
1557,-0.025397,-0.24442,-0.00051295
1558,-0.025581,-0.24615,-0.00059504
1559,-0.02582,-0.24789,-0.0004831
1560,-0.025933,-0.24948,-0.00033757
1561,-0.026217,-0.25108,-0.0003413
1562,-0.026565,-0.25242,-0.00046817
1563,-0.026648,-0.25344,-0.00036742
1564,-0.026738,-0.25463,-0.00037489
1565,-0.02697,-0.25582,-0.00039727
1566,-0.027022,-0.25674,-0.00022936
1567,-0.027247,-0.25761,-0.0003413
1568,-0.027479,-0.25851,-0.0004122
1569,-0.027554,-0.25942,-0.00033011
1570,-0.027726,-0.26021,-0.00022563
1571,-0.027835,-0.26112,-0.00021444
1572,-0.028082,-0.26222,-0.00041966
1573,-0.028224,-0.26307,-0.00040847
1574,-0.02843,-0.26396,-0.00026668
1575,-0.028692,-0.26494,-0.00021817
1576,-0.028782,-0.26581,-0.00028906
1577,-0.028984,-0.26663,-0.00035996
1578,-0.028999,-0.26725,-0.00021817
1579,-0.02901,-0.26775,-0.00024056
1580,-0.029107,-0.26798,-0.00040101
1581,-0.029261,-0.26803,-0.00022936
1582,-0.029306,-0.26797,-0.00014727
1583,-0.029246,-0.26769,-0.00026668
1584,-0.029381,-0.26731,-0.00027414
1585,-0.029321,-0.26668,-0.00031145
1586,-0.029193,-0.26578,-0.00024802
1587,-0.02922,-0.26476,-0.00019578
1588,-0.029265,-0.26352,-0.00022936
1589,-0.02901,-0.26187,-0.00019578
1590,-0.028696,-0.26016,-0.00013981
1591,-0.028677,-0.25819,-6.5181e-05
1592,-0.028527,-0.25562,-0.00015847
1593,-0.02822,-0.25313,-0.00014354
1594,-0.027756,-0.25034,-0.00011369
1595,-0.027513,-0.24729,-0.00015473
1596,-0.027441,-0.24433,-8.0106e-05
1597,-0.026872,-0.24104,-0.00017339
1598,-0.026273,-0.23741,-0.00010996
1599,-0.025907,-0.23364,-0.00013235
1600,-0.025637,-0.22983,-0.00018459
1601,-0.025255,-0.22573,2.0642e-05
1602,-0.02469,-0.22134,5.716e-06
1603,-0.024274,-0.21665,9.4474e-06
1604,-0.023582,-0.21169,-1.6672e-05
1605,-0.023005,-0.20654,-0.00010249
1606,-0.022627,-0.20103,-2.4135e-05
1607,-0.02189,-0.19539,1.691e-05
1608,-0.021437,-0.18964,6.1687e-05
1609,-0.02077,-0.18362,5.0493e-05
1610,-0.019898,-0.17748,-0.00012488
1611,-0.0194,-0.17123,-0.00012861
1612,-0.018625,-0.16485,-2.4135e-05
1613,-0.017914,-0.15844,-6.1449e-05
1614,-0.017345,-0.15185,-1.7468e-06
1615,-0.016592,-0.14517,0.00014378
1616,-0.01584,-0.13851,0.00012139
1617,-0.015024,-0.13185,4.303e-05
1618,-0.014432,-0.12529,-2.4135e-05
1619,-0.013852,-0.11844,-3.9061e-05
1620,-0.013096,-0.1117,7.6613e-05
1621,-0.012504,-0.10518,0.00012512
1622,-0.011778,-0.098729,6.5418e-05
1623,-0.011063,-0.092444,-0.00010249
1624,-0.01049,-0.086057,-5.0255e-05
1625,-0.0097155,-0.079948,-9.2096e-06
1626,-0.0091277,-0.073931,-6.1449e-05
1627,-0.0087084,-0.067705,-8.3838e-05
1628,-0.0080833,-0.061719,-0.00014354
1629,-0.0074581,-0.056009,3.9299e-05
1630,-0.0067955,-0.050262,-4.2792e-05
1631,-0.0061403,-0.04454,-1.2941e-05
1632,-0.0056462,-0.038872,6.5418e-05
1633,-0.0051108,-0.033397,1.3179e-05
1634,-0.0046504,-0.028124,4.6761e-05
1635,-0.0041974,-0.022519,-0.0001622
1636,-0.0035572,-0.017171,1.9846e-06
1637,-0.0030069,-0.012156,5.4224e-05
1638,-0.0024566,-0.0068463,-5.7718e-05
1639,-0.0020224,-0.0015586,-7.2643e-05
1640,-0.0016031,0.0036993,-0.00025921
1641,-0.00095544,0.0090655,-7.2643e-05
1642,-0.00037144,0.014495,-8.7569e-05
1643,0.00012646,0.01982,-0.00019951
1644,0.00051954,0.025172,0.00014751
1645,0.0010549,0.03068,1.691e-05
1646,0.0016988,0.036255,-0.00016593
1647,0.0022116,0.041868,2.0642e-05
1648,0.0027582,0.047615,-0.00016966
1649,0.0033272,0.053419,-0.00020697
1650,0.003915,0.059091,-9.2096e-06
1651,0.0044616,0.065302,-5.4782e-06
1652,0.0052327,0.071498,2.8104e-05
1653,0.0060002,0.077511,-8.3838e-05
1654,0.0064307,0.084065,-0.00013981
1655,0.0070783,0.090616,-7.6375e-05
1656,0.0077821,0.097264,-8.3838e-05
1657,0.0083961,0.10403,3.1836e-05
1658,0.0091074,0.111,1.3179e-05
1659,0.0097325,0.1181,-9.13e-05
1660,0.010631,0.12501,5.7956e-05
1661,0.011473,0.1321,0.00017736
1662,0.01199,0.13924,2.0642e-05
1663,0.012791,0.14627,-0.000151
1664,0.01357,0.15322,-9.8763e-05
1665,0.01427,0.15995,-7.6375e-05
1666,0.014917,0.16648,-0.00012488
1667,0.015621,0.17304,-8.3838e-05
1668,0.016392,0.17951,-4.6524e-05
1669,0.016849,0.18554,-1.7468e-06
1670,0.01753,0.19115,6.915e-05
1671,0.018287,0.19665,-0.00012115
1672,0.018691,0.20191,-0.00012861
1673,0.019204,0.20689,0.00024079
1674,0.019908,0.21161,0.00027065
1675,0.020387,0.21547,0.00021094
1676,0.020784,0.2191,0.00014751
1677,0.021255,0.22258,0.00020721
1678,0.021472,0.22559,0.000349
1679,0.021824,0.22858,0.00021841
1680,0.022202,0.23147,0.00019975
1681,0.022446,0.23391,4.303e-05
1682,0.022839,0.23627,2.8104e-05
1683,0.022914,0.23867,0.00016243
1684,0.023165,0.24053,0.00025199
1685,0.023524,0.24248,0.00028184
1686,0.023726,0.24452,5.716e-06
1687,0.023996,0.24616,0.00011766
1688,0.024014,0.24783,0.00025572
1689,0.024295,0.24933,0.00015497
1690,0.024606,0.25075,0.00016617
1691,0.024782,0.25198,0.0001102
1692,0.02492,0.25315,0.00011766
1693,0.024965,0.25432,9.4474e-06
1694,0.025216,0.25534,3.9299e-05
1695,0.025392,0.25637,0.00015497
1696,0.025594,0.25714,5.716e-06
1697,0.025609,0.25807,-7.6375e-05
1698,0.025751,0.25927,-5.3986e-05
1699,0.026028,0.26014,0.00018109
1700,0.026126,0.261,0.0002296
1701,0.026489,0.26218,-2.0404e-05
1702,0.026523,0.26316,8.4075e-05
1703,0.026691,0.26408,9.9001e-05
1704,0.026964,0.26505,-5.3986e-05
1705,0.027009,0.26569,0.00012139
1706,0.027346,0.26639,7.6613e-05
1707,0.027354,0.26694,-0.00018085
1708,0.027391,0.2672,-5.3986e-05
1709,0.027462,0.26739,-1.6672e-05
1710,0.027414,0.26732,-0.00011369
1711,0.027649,0.26708,2.8104e-05
1712,0.027664,0.26668,-2.0404e-05
1713,0.027507,0.26601,-0.00017339
1714,0.027425,0.26528,-2.4135e-05
1715,0.027391,0.26433,5.7956e-05
1716,0.027339,0.26302,-3.1598e-05
1717,0.027159,0.26143,-0.00013235
1718,0.027054,0.25964,-0.00017712
1719,0.026856,0.25767,-0.00010623
1720,0.026564,0.2553,-0.00019951
1721,0.026335,0.25273,-0.00023682
1722,0.02604,0.25008,-9.5032e-05
1723,0.025778,0.2472,-3.1598e-05
1724,0.0254,0.24405,-9.5032e-05
1725,0.025044,0.24081,-0.000151
1726,0.024752,0.2374,-2.4135e-05
1727,0.024318,0.23374,-0.00016593
1728,0.023928,0.22997,-0.00034504
1729,0.023434,0.22584,-0.00019578
1730,0.022876,0.22147,-0.00017712
1731,0.022382,0.21693,-0.00020697
1732,0.021933,0.21208,-0.0002219
1733,0.021379,0.20694,-0.00021444
1734,0.020728,0.20152,-0.00030026
1735,0.0202,0.19578,-0.0003413
1736,0.019481,0.19002,-0.00013981
1737,0.018822,0.18409,-0.00013981
1738,0.018328,0.17771,-0.00023309
1739,0.017718,0.17161,-0.00023309
1740,0.017029,0.16544,-0.000151
1741,0.016209,0.15873,-0.00022563
1742,0.015629,0.15212,-0.00031145
1743,0.014876,0.14559,-0.0002219
1744,0.014034,0.13881,-0.00021444
1745,0.013394,0.13192,-0.00011369
1746,0.012611,0.12523,-0.00015847
1747,0.012132,0.11838,-0.00034504
1748,0.011342,0.11154,-0.00032265
1749,0.010459,0.10516,-0.00017712
1750,0.0099684,0.098598,-0.00020324
1751,0.0093357,0.092062,-0.00025921
1752,0.0087704,0.085866,-9.5032e-05
1753,0.0080592,0.079648,-0.00011742
1754,0.0073554,0.073426,-7.6375e-05
1755,0.0068275,0.06738,-0.00012488
1756,0.0063371,0.061532,-0.00025548
1757,0.005652,0.055594,-9.13e-05
1758,0.004922,0.049846,-8.3838e-05
1759,0.0044503,0.044189,-0.00019578
1760,0.0037615,0.038367,-0.00030026
1761,0.0032748,0.032896,-0.00027787
1762,0.002908,0.027548,-0.00030026
1763,0.0022453,0.022204,-0.00021817
1764,0.0015528,0.016898,-0.00011742
1765,0.0011634,0.011558,-0.00037489
1766,0.00094631,0.0064085,-0.0002219
1767,0.0002163,0.0011918,-8.0106e-05
1768,-0.00028534,-0.0041109,-0.00026294
1769,-0.00066719,-0.0093874,-0.00023309
1770,-0.0013635,-0.014653,-0.00025921
1771,-0.0017678,-0.020112,-0.00024429
1772,-0.0023668,-0.025587,-0.00025921
1773,-0.0028759,-0.030841,-0.00024429
1774,-0.0033888,-0.036596,-0.00018085
1775,-0.0040926,-0.042347,-0.00022936
1776,-0.004437,-0.047814,-0.00013981
1777,-0.0050547,-0.05367,-0.00017712
1778,-0.0056686,-0.059581,-0.00017712
1779,-0.0062676,-0.065568,-0.00025548
1780,-0.0068816,-0.07173,-0.00038235
1781,-0.0074656,-0.078016,-0.00019951
1782,-0.0082854,-0.08448,-0.00025548
1783,-0.0089069,-0.091046,-0.00030026
1784,-0.0096818,-0.097821,-0.00024056
1785,-0.010236,-0.10463,-0.00026294
1786,-0.010872,-0.11161,-0.00024429
1787,-0.011823,-0.11895,-0.00026668
1788,-0.012512,-0.12606,-0.00033384
1789,-0.013212,-0.13307,-0.00025175
1790,-0.013871,-0.14038,-0.00013235
1791,-0.014788,-0.1475,-0.0003413
1792,-0.015559,-0.15438,-0.00027041
1793,-0.016136,-0.16129,-0.00024802
1794,-0.016836,-0.16786,-0.00040474
1795,-0.017371,-0.17438,-0.00021071
1796,-0.018165,-0.18093,-0.00033757
1797,-0.018861,-0.18702,-0.00018085
1798,-0.019423,-0.19272,-9.13e-05
1799,-0.020082,-0.19813,-0.00043086
1800,-0.020512,-0.20333,-0.00016593
1801,-0.021163,-0.20831,-0.00027414
1802,-0.021777,-0.21279,-0.00052787
1803,-0.022197,-0.21668,-0.00028533
1804,-0.022762,-0.22035,-0.00049429
1805,-0.022968,-0.22372,-0.00074803
1806,-0.023215,-0.22666,-0.00054653
1807,-0.023844,-0.22952,-0.00049056
1808,-0.024113,-0.2322,-0.00041966
1809,-0.024143,-0.23482,-0.00040101
1810,-0.024503,-0.23715,-0.00056892
1811,-0.024877,-0.23915,-0.00038608
1812,-0.025098,-0.24136,-0.00040474
1813,-0.025293,-0.24334,-0.00040847
1814,-0.025551,-0.24506,-0.00031145
1815,-0.025802,-0.24683,-0.00044578
1816,-0.025854,-0.24839,-0.00037116
1817,-0.026094,-0.24985,-0.00043832
1818,-0.026356,-0.25116,-0.00044951
1819,-0.026494,-0.2523,-0.00043459
1820,-0.026614,-0.25351,-0.00039727
1821,-0.026794,-0.25458,-0.00031145
1822,-0.026988,-0.25554,-0.00033384
1823,-0.027056,-0.25648,-0.00023682
1824,-0.027247,-0.2575,-0.00037862
1825,-0.027419,-0.25841,-0.00036742
1826,-0.027722,-0.25938,-0.00032638
1827,-0.027868,-0.26039,-0.00053161
1828,-0.028082,-0.26111,-0.00024802
1829,-0.028411,-0.26213,-9.5032e-05
1830,-0.028276,-0.26315,-0.0003525
1831,-0.028411,-0.26385,-0.00033384
1832,-0.028621,-0.26472,-0.0003413
1833,-0.028767,-0.26554,-0.00030772
1834,-0.028886,-0.26619,-0.00015847
1835,-0.028984,-0.26674,-6.8912e-05
1836,-0.029253,-0.26698,-0.00016966
1837,-0.029137,-0.26704,-0.00040847
1838,-0.029182,-0.26705,-0.00019205
1839,-0.029396,-0.2667,-0.000151
1840,-0.029422,-0.2663,-0.00024056
1841,-0.029384,-0.26581,-0.00020324
1842,-0.029208,-0.26478,-0.00022563
1843,-0.029197,-0.26357,-9.13e-05
1844,-0.028991,-0.26239,-0.0002219
1845,-0.028808,-0.26094,-0.00025921
1846,-0.028722,-0.25904,-0.00024429
1847,-0.028508,-0.25705,-0.00015847
1848,-0.028385,-0.25487,2.0642e-05
1849,-0.027999,-0.25202,-7.2643e-05
1850,-0.027685,-0.24937,-0.00011369
1851,-0.027464,-0.24663,-0.00020324
1852,-0.027194,-0.24336,-0.00016966
1853,-0.026857,-0.24034,-0.00025175
1854,-0.026348,-0.23686,-0.00027414
1855,-0.026053,-0.23319,-0.00010996
1856,-0.025577,-0.22934,-0.00020324
1857,-0.025019,-0.22515,-7.6375e-05
1858,-0.024664,-0.22095,6.1687e-05
1859,-0.024192,-0.21632,1.9846e-06
1860,-0.023642,-0.21172,5.716e-06
1861,-0.023002,-0.20654,-4.2792e-05
1862,-0.022455,-0.20095,-8.0106e-05
1863,-0.021938,-0.19555,3.9299e-05
1864,-0.021253,-0.18974,-1.2941e-05
1865,-0.020591,-0.18379,-0.00011742
1866,-0.019898,-0.17773,6.1687e-05
1867,-0.019318,-0.17144,4.6761e-05
1868,-0.018801,-0.16511,1.9846e-06
1869,-0.01797,-0.15852,-2.7867e-05
1870,-0.017173,-0.15196,-0.00013235
1871,-0.016548,-0.14552,-3.9061e-05
1872,-0.01593,-0.13887,8.0344e-05
1873,-0.015331,-0.13219,-7.6375e-05
1874,-0.01465,-0.12535,-0.00023682
1875,-0.013893,-0.11876,-3.5329e-05
1876,-0.013145,-0.11241,2.8104e-05
1877,-0.012478,-0.10581,3.1836e-05
1878,-0.011838,-0.099338,5.0493e-05
1879,-0.011194,-0.092844,-7.2643e-05
1880,-0.010524,-0.086596,-5.0255e-05
1881,-0.0099476,-0.080557,-6.1449e-05
1882,-0.0092438,-0.074327,8.7807e-05
1883,-0.0084726,-0.068236,0.00016617
1884,-0.0081469,-0.062123,9.4474e-06
1885,-0.0074918,-0.056308,0.00011766
1886,-0.0065521,-0.05071,0.0001699
1887,-0.0061441,-0.044776,-5.4782e-06
1888,-0.0056649,-0.039122,-1.2941e-05
1889,-0.0050884,-0.033651,8.7807e-05
1890,-0.0046354,-0.028199,4.303e-05
1891,-0.003999,-0.022866,-2.0404e-05
1892,-0.0035123,-0.017594,-3.5329e-05
1893,-0.003138,-0.012407,3.9299e-05
1894,-0.0025278,-0.0070705,9.4474e-06
1895,-0.002071,-0.001921,-6.8912e-05
1896,-0.0016854,0.0032845,-1.2941e-05
1897,-0.0010977,0.0085348,-4.2792e-05
1898,-0.00062601,0.013793,-1.6672e-05
1899,-6.821e-05,0.019338,-0.00010996
1900,0.00052328,0.024723,-1.2941e-05
1901,0.00098374,0.030153,9.1538e-05
1902,0.0015415,0.035564,-0.00016593
1903,0.0020694,0.041106,5.0493e-05
1904,0.0026234,0.047062,-1.7468e-06
1905,0.0031812,0.052649,-0.00018085
1906,0.0037989,0.0584,9.1538e-05
1907,0.0044279,0.064618,1.3179e-05
1908,0.0050418,0.070612,5.0493e-05
1909,0.005667,0.076823,-9.13e-05
1910,0.006266,0.083172,-6.5181e-05
1911,0.0068649,0.089581,0.00010273
1912,0.0075051,0.0963,-0.00015847
1913,0.0084822,0.10299,6.5418e-05
1914,0.0091186,0.10988,1.3179e-05
1915,0.0096577,0.11702,-0.00023682
1916,0.010492,0.12408,-0.00010249
1917,0.011241,0.13104,3.5567e-05
1918,0.01217,0.13815,9.9001e-05
1919,0.012866,0.14525,-1.6672e-05
1920,0.013424,0.15209,-4.2792e-05
1921,0.014165,0.15898,3.9299e-05
1922,0.014873,0.16559,0.00017363
1923,0.015531,0.17202,7.6613e-05
1924,0.016258,0.17839,-3.5329e-05
1925,0.016909,0.18437,-5.4782e-06
1926,0.017418,0.19018,8.7807e-05
1927,0.018062,0.1957,0.00013631
1928,0.018646,0.20086,-1.2941e-05
1929,0.019208,0.20585,0.00016243
1930,0.019762,0.2105,0.00031169
1931,0.020256,0.21468,0.00024826
1932,0.020735,0.21832,0.00020721
1933,0.021057,0.22177,0.00018855
1934,0.021379,0.22487,0.00024079
1935,0.021787,0.22783,3.9299e-05
1936,0.022098,0.23074,7.6613e-05
1937,0.022348,0.23319,0.00032662
1938,0.022611,0.23557,0.00025572
1939,0.022891,0.23772,0.00033408
1940,0.023232,0.23991,0.00044602
1941,0.023453,0.24183,0.00029677
1942,0.023677,0.24357,0.00012512
1943,0.02379,0.24554,0.00011393
1944,0.023954,0.24709,0.00019602
1945,0.024325,0.24878,0.00012512
1946,0.024467,0.25015,0.00020348
1947,0.024598,0.25118,0.00027065
1948,0.024756,0.25267,0.00014751
1949,0.024939,0.25381,0.00017363
1950,0.025021,0.25471,0.00014378
1951,0.025126,0.25571,8.7807e-05
1952,0.025291,0.25665,0.00015497
1953,0.025553,0.25784,0.00016617
1954,0.025965,0.25889,5.4224e-05
1955,0.02589,0.25986,1.691e-05
1956,0.026133,0.26102,8.4075e-05
1957,0.026451,0.26185,0.00015497
1958,0.02644,0.26282,0.00021094
1959,0.02677,0.2638,0.00011766
1960,0.026916,0.26455,9.4474e-06
1961,0.026979,0.26555,2.4373e-05
1962,0.02711,0.26624,-5.4782e-06
1963,0.02717,0.26672,-9.5032e-05
1964,0.027249,0.26704,-0.00010623
1965,0.027346,0.26712,-3.9061e-05
1966,0.0275,0.26712,-4.6524e-05
1967,0.027694,0.26682,-3.1598e-05
1968,0.027649,0.26636,6.5418e-05
1969,0.02756,0.26572,-5.4782e-06
1970,0.027563,0.26494,-3.5329e-05
1971,0.027391,0.26389,-0.00012861
1972,0.02732,0.2628,-0.00012861
1973,0.027204,0.26131,-7.2643e-05
1974,0.027137,0.25941,-0.00022936
1975,0.026863,0.25756,-9.2096e-06
1976,0.026485,0.25535,-4.2792e-05
1977,0.026276,0.25289,-0.00021071
1978,0.025972,0.25014,-6.1449e-05
1979,0.025778,0.24736,-8.3838e-05
1980,0.025411,0.24436,5.716e-06
1981,0.025119,0.24096,-3.1598e-05
1982,0.024718,0.23747,-0.00024056
1983,0.024172,0.23384,-0.00010249
1984,0.02382,0.23017,-9.5032e-05
1985,0.023464,0.2261,-0.0002219
1986,0.022996,0.22174,-0.00020324
1987,0.02248,0.21738,-0.00027041
1988,0.022042,0.2127,-0.00015847
1989,0.021364,0.20753,-0.00020697
1990,0.020888,0.2021,-0.00033384
1991,0.020436,0.19643,-0.00028533
1992,0.019672,0.19074,-0.00031145
1993,0.018979,0.18485,-0.00028906
1994,0.018313,0.17876,-0.0002928
1995,0.017676,0.17248,-0.00023682
1996,0.016913,0.1659,-0.00023309
1997,0.016276,0.15963,-0.00020697
1998,0.015674,0.15304,-0.00022936
1999,0.014992,0.14629,-0.00027414
