,0,1,2
0,-0.0056836,-0.038588,-0.00018832
1,-0.0052007,-0.032907,-0.00010996
2,-0.0045605,-0.027328,-0.00023682
3,-0.0039279,-0.021585,-0.00015847
4,-0.00343,-0.01599,-3.9061e-05
5,-0.0028909,-0.010744,-0.00025548
6,-0.0023481,-0.0050974,-0.00022563
7,-0.0018314,0.00060137,-0.00020697
8,-0.0011801,0.0060498,-0.00014727
9,-0.00075329,0.011763,-8.3838e-05
10,-0.00019549,0.017485,-0.00025175
11,0.000396,0.023105,-0.00020324
12,0.00067302,0.028651,-0.00012488
13,0.0014442,0.034323,-0.00017339
14,0.0020095,0.040298,-0.00017339
15,0.0026047,0.046098,-0.00012861
16,0.0031925,0.052032,-0.00015847
17,0.0036267,0.058284,-0.00025175
18,0.0044878,0.064521,-0.00019205
19,0.0050905,0.07093,-0.000151
20,0.0057718,0.077492,-8.0106e-05
21,0.0064794,0.084162,-0.00010996
22,0.0072019,0.090907,-0.00018459
23,0.0078907,0.097989,-0.00011369
24,0.0084373,0.10504,-7.6375e-05
25,0.0092646,0.11211,1.9846e-06
26,0.010129,0.11952,-0.00012861
27,0.010889,0.12659,-0.00013981
28,0.011563,0.13401,-0.00014727
29,0.012361,0.14133,-0.00032638
30,0.013094,0.14825,-0.00010623
31,0.013813,0.15535,-9.13e-05
32,0.014393,0.16226,-0.00030026
33,0.014947,0.16908,-0.00024056
34,0.015812,0.17567,-0.00024056
35,0.016445,0.18219,-0.00024056
36,0.017223,0.18829,-0.00020324
37,0.017968,0.19411,-0.00019578
38,0.018474,0.19976,-0.00018085
39,0.018983,0.20504,-0.00024056
40,0.019481,0.21039,-9.5032e-05
41,0.020166,0.215,-0.00016593
42,0.020529,0.2193,-0.00020697
43,0.021064,0.22355,-5.3986e-05
44,0.021611,0.22735,-0.00025921
45,0.021787,0.23088,-0.00020697
46,0.022285,0.23421,-0.00021071
47,0.022416,0.23746,-0.00019205
48,0.022633,0.24009,-0.00018459
49,0.023195,0.24253,-0.00041966
50,0.023359,0.24482,-0.00010249
51,0.023662,0.24686,-9.13e-05
52,0.023936,0.24893,-0.00027041
53,0.024138,0.25068,-0.00020324
54,0.024464,0.25235,-0.00032638
55,0.024538,0.25391,-0.00018085
56,0.024741,0.25541,-0.00012488
57,0.025175,0.25675,-0.00013981
58,0.025205,0.25797,-0.00017339
59,0.025295,0.2594,-0.00012488
60,0.025669,0.26046,-5.3986e-05
61,0.025879,0.26146,-0.00025921
62,0.02601,0.26271,-0.00023682
63,0.026058,0.26378,-0.00018832
64,0.026249,0.26483,-0.0002219
65,0.026556,0.26581,-0.00027041
66,0.026684,0.26699,-0.00017712
67,0.026811,0.26813,-0.00017339
68,0.027021,0.26908,-0.00022936
69,0.02723,0.2703,-0.00010249
70,0.027537,0.27124,-0.00018085
71,0.027691,0.27235,-0.00024429
72,0.027668,0.27362,-0.00031892
73,0.027818,0.27409,-0.0002219
74,0.02802,0.27477,-0.00012115
75,0.02829,0.27538,-0.00024429
76,0.028439,0.27556,-0.00016593
77,0.028582,0.27596,-8.3838e-05
78,0.028709,0.27579,-0.00013235
79,0.028439,0.27553,-0.00026294
80,0.028443,0.27509,-0.00027414
81,0.028582,0.27423,-0.00016966
82,0.028436,0.2735,-0.00014354
83,0.028353,0.27238,-0.00013981
84,0.028211,0.2709,-0.00010249
85,0.028087,0.26925,-4.2792e-05
86,0.027908,0.26731,-4.6524e-05
87,0.027724,0.26497,-0.00012861
88,0.027402,0.26257,-0.00019578
89,0.027077,0.26011,-0.00022936
90,0.027013,0.25717,-0.00030026
91,0.026515,0.25402,-0.00015847
92,0.026096,0.2505,-0.00017339
93,0.02583,0.24671,-0.00033384
94,0.02531,0.24276,-0.00019205
95,0.024887,0.23841,-0.00024429
96,0.024501,0.23391,-0.00026294
97,0.024018,0.2293,-0.00019578
98,0.023415,0.22445,-0.00027041
99,0.022828,0.21933,-2.7867e-05
100,0.022184,0.21426,-0.00020697
101,0.021738,0.20887,-0.00050175
102,0.021169,0.20314,-0.000151
103,0.020424,0.19749,-0.00018459
104,0.019994,0.19152,-0.00015847
105,0.019238,0.18562,-0.00012488
106,0.018459,0.17951,-0.00033011
107,0.017875,0.17284,-0.00019578
108,0.017077,0.1663,-0.00018832
109,0.016482,0.15979,-0.00017712
110,0.015763,0.15297,-0.00024429
111,0.014955,0.14612,-0.00027787
112,0.014375,0.13938,-8.7569e-05
113,0.013663,0.13245,-0.00018459
114,0.01293,0.12542,-0.00025921
115,0.012128,0.11858,-0.00017339
116,0.011496,0.11179,-0.00025921
117,0.010829,0.10516,-0.00010623
118,0.0099759,0.098695,1.691e-05
119,0.0095753,0.092077,-0.00021444
120,0.0089876,0.085717,-0.00017712
121,0.0081939,0.079491,-0.00012861
122,0.0075875,0.073064,-0.00012115
123,0.0069061,0.066984,-2.0404e-05
124,0.0063296,0.060979,-9.5032e-05
125,0.0056258,0.054947,-0.000151
126,0.004937,0.049039,-0.0002219
127,0.0044503,0.043243,-0.00027787
128,0.0038289,0.037645,-0.00017339
129,0.003331,0.031894,-0.00016966
130,0.0029304,0.026222,-0.00019205
131,0.0022641,0.020646,-0.00013981
132,0.0017325,0.015052,-0.00024429
133,0.0012645,0.0096185,-0.00027414
134,0.00049707,0.0041028,-0.00027787
135,-2.3286e-05,-0.0013045,-0.00011742
136,-0.00040139,-0.0068239,-1.7468e-06
137,-0.00096293,-0.012508,-0.00011742
138,-0.0015844,-0.018162,-6.1449e-05
139,-0.0020636,-0.023995,-0.00028533
140,-0.0026026,-0.0296,-0.00024056
141,-0.0033776,-0.035254,-1.7468e-06
142,-0.0039017,-0.041173,-0.00022936
143,-0.0044969,-0.047115,-0.0002816
144,-0.0050809,-0.053042,-0.00020324
145,-0.0055339,-0.059152,-6.1449e-05
146,-0.0061927,-0.065433,-9.13e-05
147,-0.0067842,-0.071652,-0.00027041
148,-0.0075255,-0.078135,-0.000151
149,-0.0081806,-0.084712,-0.00013608
150,-0.008817,-0.091495,-0.00033011
151,-0.0096481,-0.09855,-0.00023309
152,-0.010288,-0.10559,-1.2941e-05
153,-0.011074,-0.11271,-0.00013981
154,-0.011891,-0.11994,-0.00019578
155,-0.012534,-0.12724,-0.00013608
156,-0.013332,-0.1345,-0.00021817
157,-0.014107,-0.14164,-0.000151
158,-0.014724,-0.14882,-9.8763e-05
159,-0.015424,-0.15579,-0.00013235
160,-0.01633,-0.16257,-0.00033011
161,-0.017158,-0.16947,-0.00032638
162,-0.017588,-0.17615,-0.00021071
163,-0.018184,-0.18259,-0.00037116
164,-0.01903,-0.18873,-0.00020324
165,-0.019591,-0.1946,-0.00016593
166,-0.020205,-0.2003,-0.00020697
167,-0.020748,-0.20553,-0.00017339
168,-0.021264,-0.2107,-0.00035623
169,-0.021983,-0.21544,-0.00031145
170,-0.022331,-0.21957,-0.00020697
171,-0.022635,-0.22366,-4.2792e-05
172,-0.023118,-0.22744,-2.7867e-05
173,-0.023559,-0.23084,-0.00018832
174,-0.024065,-0.23413,-0.00010249
175,-0.024316,-0.23712,-9.2096e-06
176,-0.024548,-0.23985,-0.00012861
177,-0.024944,-0.24239,-0.00018832
178,-0.025143,-0.24467,-7.6375e-05
179,-0.025375,-0.24676,-0.00013608
180,-0.025663,-0.2487,-0.00014354
181,-0.026,-0.25058,-0.00025921
182,-0.02621,-0.25233,-0.00033011
183,-0.026303,-0.25397,-9.8763e-05
184,-0.026573,-0.25545,-0.00012488
185,-0.026655,-0.25676,-0.00014354
186,-0.026813,-0.25807,-0.00017712
187,-0.027123,-0.2593,-0.00012861
188,-0.027303,-0.26047,-8.0106e-05
189,-0.027584,-0.26152,-0.00018085
190,-0.027857,-0.26258,-0.00010623
191,-0.028029,-0.26374,-9.13e-05
192,-0.028078,-0.26472,-5.0255e-05
193,-0.028048,-0.26572,-0.0001622
194,-0.028314,-0.26698,-0.00023309
195,-0.028658,-0.26826,-0.00017712
196,-0.028722,-0.26934,-0.00024429
197,-0.02886,-0.27044,-0.00012115
198,-0.029081,-0.27165,-3.5329e-05
199,-0.029306,-0.2727,-0.00016966
200,-0.029553,-0.27359,-0.00026668
201,-0.029766,-0.27454,-0.00018832
202,-0.029856,-0.27529,-0.00025175
203,-0.029953,-0.27576,-0.00031892
204,-0.030118,-0.27604,-0.00016593
205,-0.030058,-0.27622,-0.00018459
206,-0.030178,-0.27624,-0.00015847
207,-0.030242,-0.27586,-0.00011369
208,-0.030148,-0.27533,-0.00013981
209,-0.030163,-0.27467,-0.00012488
210,-0.030032,-0.27369,-0.00015847
211,-0.029998,-0.27261,-0.00013981
212,-0.029879,-0.27107,-0.00019205
213,-0.029718,-0.26919,-0.00010249
214,-0.029616,-0.26715,-0.00015847
215,-0.029399,-0.26473,-0.00027787
216,-0.029137,-0.26243,-9.13e-05
217,-0.028729,-0.25974,-0.00021444
218,-0.028527,-0.25671,-0.000151
219,-0.028209,-0.25357,-0.00017712
220,-0.02761,-0.2498,-0.00031518
221,-0.027288,-0.24598,-0.00010623
222,-0.026996,-0.242,-0.0001622
223,-0.026461,-0.23782,-0.00015473
224,-0.025899,-0.2334,-0.00012861
225,-0.025562,-0.22872,-0.00022563
226,-0.025105,-0.22398,-0.00016966
227,-0.024559,-0.2188,-9.13e-05
228,-0.023926,-0.21357,-0.00027787
229,-0.023166,-0.208,-0.00026668
230,-0.022811,-0.20218,-7.2643e-05
231,-0.022103,-0.19667,-0.0002219
232,-0.021358,-0.19051,-0.00021071
233,-0.020954,-0.18407,-0.00012115
234,-0.020134,-0.17793,-0.00012861
235,-0.01949,-0.17138,-0.00014727
236,-0.018842,-0.16477,-0.00017339
237,-0.01812,-0.15808,-0.00018459
238,-0.017439,-0.15121,-0.00027414
239,-0.016499,-0.14444,-0.00020324
240,-0.015758,-0.13755,-0.00013981
241,-0.01514,-0.1306,-0.00016593
242,-0.01447,-0.12368,-0.00013235
243,-0.013781,-0.11695,-0.00010249
244,-0.013156,-0.1104,-9.13e-05
245,-0.012527,-0.10368,-0.00022936
246,-0.011685,-0.097063,-0.00022936
247,-0.01097,-0.09068,-0.000151
248,-0.010386,-0.084245,-0.00011369
249,-0.0097454,-0.077829,-9.13e-05
250,-0.0090566,-0.071558,-0.00018832
251,-0.0082817,-0.065486,-5.0255e-05
252,-0.0077988,-0.059567,-0.00013981
253,-0.0073196,-0.053371,-0.00023309
254,-0.0065446,-0.04738,-9.8763e-05
255,-0.0059569,-0.041783,-0.00014727
256,-0.0054178,-0.035931,-2.0404e-05
257,-0.0049686,-0.030269,-9.5032e-05
258,-0.0045119,-0.024578,-0.00027787
259,-0.0037931,-0.018946,-0.00030399
260,-0.003269,-0.013692,-0.00019578
261,-0.0027112,-0.0081056,-0.0001622
262,-0.0020898,-0.0024592,-0.00028533
263,-0.0016705,0.00312,-0.00017712
264,-0.0011089,0.008759,-9.13e-05
265,-0.00052867,0.014349,-2.7867e-05
266,-5.6979e-05,0.019973,-9.13e-05
267,0.00048584,0.025545,-0.00018459
268,0.001126,0.031315,-0.00023309
269,0.0016875,0.037219,-0.00015847
270,0.002309,0.043082,-0.00014354
271,0.0030614,0.049222,-0.00023309
272,0.003593,0.055358,1.9846e-06
273,0.0041583,0.061248,-0.00015847
274,0.0047723,0.067731,-0.00023309
275,0.0054199,0.074443,-0.000151
276,0.0061237,0.080743,-0.0002816
277,0.0067227,0.087563,-0.00016966
278,0.0074415,0.094547,-0.00018459
279,0.0082388,0.10155,-0.00019951
280,0.00901,0.10883,-0.00017712
281,0.0096614,0.11596,-0.00010249
282,0.010298,0.12336,-6.1449e-05
283,0.011151,0.13079,-9.5032e-05
284,0.012054,0.13817,-6.8912e-05
285,0.012907,0.14553,-0.0002219
286,0.013514,0.15271,-0.00021444
287,0.014146,0.15988,-9.5032e-05
288,0.014977,0.16677,-0.00019578
289,0.015647,0.17349,-0.00031145
290,0.016288,0.17994,-0.00027041
291,0.016973,0.18627,-0.00011369
292,0.017534,0.1921,-5.7718e-05
293,0.018073,0.19771,-9.5032e-05
294,0.018725,0.20341,-8.0106e-05
295,0.019215,0.20831,-0.00018832
296,0.019765,0.21311,-0.00015847
297,0.020286,0.21773,-0.00010249
298,0.020761,0.22174,-0.00024056
299,0.021304,0.22568,-0.00017712
300,0.021547,0.2292,-0.00025548
301,0.021959,0.23265,-0.00020324
302,0.022326,0.23587,-0.00012488
303,0.022738,0.23843,-0.00026668
304,0.023052,0.24109,-0.00011369
305,0.023049,0.24347,2.0642e-05
306,0.023449,0.24559,2.4373e-05
307,0.023734,0.2477,-0.00015473
308,0.023928,0.24938,-0.00021444
309,0.024239,0.25114,-0.00026668
310,0.024325,0.25271,-0.00035996
311,0.024456,0.25426,-0.00021817
312,0.024801,0.25595,-0.00025175
313,0.025044,0.25696,-0.00019578
314,0.025149,0.25818,-0.00019578
315,0.025276,0.25957,-0.00028533
316,0.025452,0.2607,-0.00015847
317,0.025665,0.26192,-0.00013981
318,0.025886,0.26282,-0.0002816
319,0.026246,0.26377,-0.0001622
320,0.026377,0.26478,-5.3986e-05
321,0.026523,0.26587,-0.00037489
322,0.026773,0.26706,-0.00025175
323,0.026841,0.26796,-1.2941e-05
324,0.027058,0.26899,-0.00018085
325,0.027211,0.27017,-0.00015847
326,0.027417,0.27104,-0.00013235
327,0.027563,0.27186,-0.00010996
328,0.027642,0.27294,-0.00015847
329,0.027941,0.27375,-0.00019205
330,0.028043,0.2743,-0.00020324
331,0.02814,0.27489,-0.00020697
332,0.028312,0.27519,-6.5181e-05
333,0.028267,0.27535,-0.00031145
334,0.028271,0.27527,-0.00034877
335,0.028417,0.27496,-4.2792e-05
336,0.028473,0.2747,-0.00016593
337,0.028447,0.27391,-0.000151
338,0.028218,0.27299,-7.2643e-05
339,0.02811,0.27213,-0.00028906
340,0.028155,0.2705,-0.00035623
341,0.027986,0.2687,-0.00032638
342,0.027882,0.26677,-8.7569e-05
343,0.027571,0.26433,7.6613e-05
344,0.027241,0.26201,-0.00014727
345,0.027088,0.25924,-0.00010623
346,0.026684,0.25602,-2.0404e-05
347,0.026309,0.25291,-0.00016966
348,0.025999,0.24934,-0.00024056
349,0.025575,0.24548,-0.00020324
350,0.025115,0.24148,-0.00020697
351,0.024632,0.23719,-0.00017339
352,0.024123,0.23278,-6.8912e-05
353,0.02364,0.22814,-6.5181e-05
354,0.023064,0.22319,-5.3986e-05
355,0.022506,0.21813,-0.00012115
356,0.022038,0.21284,-0.0002219
357,0.021345,0.20735,-0.00022936
358,0.020754,0.20161,-0.00019205
359,0.02029,0.19576,-0.00024056
360,0.019455,0.18972,-0.00022563
361,0.018743,0.18343,-0.00012115
362,0.018275,0.17711,-0.00013235
363,0.017572,0.17053,-0.00022936
364,0.016928,0.1639,-0.0003413
365,0.016183,0.15711,-0.00023682
366,0.015378,0.15026,-0.00025548
367,0.014756,0.14335,-0.00019951
368,0.014004,0.13626,-0.00013235
369,0.013248,0.12948,-0.00023682
370,0.012574,0.12282,-0.00019205
371,0.011836,0.11612,-0.00022563
372,0.011148,0.10923,-0.00012488
373,0.010594,0.10255,-0.00020697
374,0.0098449,0.096031,-0.00024802
375,0.0091074,0.089454,-0.00019578
376,0.0084447,0.083079,-0.00024429
377,0.007711,0.076692,-5.3986e-05
378,0.0071307,0.070474,-0.00024056
379,0.0065056,0.064189,-0.00033011
380,0.0059927,0.058041,-0.00018085
381,0.0052739,0.05207,-0.00021444
382,0.0045888,0.046083,-0.00015847
383,0.004192,0.040422,-0.00020324
384,0.0033834,0.03482,-0.00027414
385,0.002908,0.029275,-0.00022563
386,0.0026684,0.023673,-0.00016593
387,0.0019795,0.018127,-0.00019951
388,0.0013544,0.012649,-0.00018085
389,0.00084149,0.0071036,-0.00021071
390,0.00031738,0.0015393,-0.00024802
391,-7.5697e-05,-0.0039651,-0.00018832
392,-0.0007458,-0.0093836,-0.00024429
393,-0.0014346,-0.014952,-0.00016966
394,-0.0017229,-0.020464,-0.00025175
395,-0.0023406,-0.02611,-0.00044951
396,-0.0029807,-0.031719,-0.00027041
397,-0.0034262,-0.037373,-0.00015847
398,-0.0040814,-0.04324,-0.00026668
399,-0.004568,-0.048901,-0.00027787
400,-0.0050435,-0.054787,-0.00026668
401,-0.0057697,-0.060919,-0.00033384
402,-0.0064211,-0.067081,-0.0003413
403,-0.0071811,-0.07346,-0.00023309
404,-0.0079036,-0.080082,-9.13e-05
405,-0.0083266,-0.086876,-0.00016593
406,-0.0091652,-0.093856,-0.00035996
407,-0.0099813,-0.10087,-0.0002816
408,-0.01058,-0.10819,-0.00010996
409,-0.011307,-0.11575,-0.00030772
410,-0.012007,-0.12311,-0.00040474
411,-0.012969,-0.13065,-0.00013608
412,-0.013893,-0.13829,-8.7569e-05
413,-0.014612,-0.1459,-0.00013235
414,-0.015271,-0.15328,-0.00014354
415,-0.01605,-0.16032,-0.00021071
416,-0.016791,-0.16734,-0.00023682
417,-0.01748,-0.17404,-0.00012488
418,-0.018255,-0.18043,-8.7569e-05
419,-0.018696,-0.1866,-0.00021817
420,-0.019385,-0.19256,-0.00019578
421,-0.020194,-0.19829,-0.00015847
422,-0.020658,-0.20349,-0.00010249
423,-0.021246,-0.2084,-0.00012861
424,-0.02165,-0.21319,-0.00022563
425,-0.021983,-0.21769,-0.00015473
426,-0.022556,-0.22194,-0.00022563
427,-0.023088,-0.22574,-0.00030772
428,-0.023447,-0.22916,-0.00014727
429,-0.023821,-0.23252,-0.00020324
430,-0.024241,-0.23547,-0.00020324
431,-0.024596,-0.23824,-9.5032e-05
432,-0.02481,-0.2409,-0.00024429
433,-0.024974,-0.24321,-0.00013608
434,-0.025296,-0.24533,-5.7718e-05
435,-0.025502,-0.24734,-0.00012488
436,-0.025772,-0.2493,-5.3986e-05
437,-0.025892,-0.25096,-6.5181e-05
438,-0.026045,-0.25244,-0.00012115
439,-0.026476,-0.25415,-0.00025175
440,-0.026524,-0.25552,-0.00030026
441,-0.026872,-0.25666,-0.00021817
442,-0.027123,-0.258,-0.00019951
443,-0.026962,-0.25936,-0.00013981
444,-0.027344,-0.26066,-0.00021444
445,-0.027595,-0.26162,-0.00024802
446,-0.027614,-0.26286,-0.00016966
447,-0.027846,-0.26404,-0.00027414
448,-0.02804,-0.26517,-0.00025175
449,-0.028385,-0.26663,-0.00022936
450,-0.028621,-0.26762,-0.00020697
451,-0.028681,-0.26865,-0.00013608
452,-0.028988,-0.26979,-0.00023682
453,-0.029227,-0.27087,-0.00024802
454,-0.029283,-0.27187,-0.00017339
455,-0.029429,-0.27286,-0.00024802
456,-0.029616,-0.27388,-0.00026668
457,-0.029748,-0.27469,-0.0002219
458,-0.029875,-0.27536,-0.00025548
459,-0.029976,-0.27587,-0.00023682
460,-0.030137,-0.27618,-0.00027414
461,-0.030182,-0.27619,-0.0002928
462,-0.030174,-0.27621,-0.00021817
463,-0.03026,-0.27607,-0.0002816
464,-0.030152,-0.27575,-0.00027414
465,-0.030317,-0.27516,-0.00019205
466,-0.03023,-0.274,-0.00024802
467,-0.029965,-0.2728,-0.00023309
468,-0.030133,-0.27136,-0.00020324
469,-0.029822,-0.26963,-0.00015473
470,-0.029523,-0.2677,-0.00015847
471,-0.029433,-0.2655,-0.00024056
472,-0.029223,-0.26305,-0.00024429
473,-0.028909,-0.26019,-0.00022563
474,-0.028658,-0.2571,-0.00022936
475,-0.028404,-0.25382,-0.00031145
476,-0.027692,-0.25029,-0.00020324
477,-0.027329,-0.24644,-0.00011369
478,-0.026996,-0.24236,-9.13e-05
479,-0.026517,-0.23807,-0.00019578
480,-0.026011,-0.23334,-0.00025921
481,-0.025285,-0.2285,-8.7569e-05
482,-0.024888,-0.22374,-0.00015847
483,-0.024417,-0.21864,-0.00024056
484,-0.023893,-0.2133,-0.00027414
485,-0.023264,-0.20791,-0.00025175
486,-0.022511,-0.20215,-0.00024056
487,-0.022058,-0.19618,-0.00028533
488,-0.021474,-0.19021,-0.00020697
489,-0.020703,-0.18398,-0.00024056
490,-0.020044,-0.17758,-0.00023309
491,-0.019423,-0.17111,-0.00018459
492,-0.018584,-0.16447,-0.00021817
493,-0.017921,-0.15779,-0.000151
494,-0.017356,-0.15102,-0.00016593
495,-0.016521,-0.14415,-0.00027041
496,-0.015866,-0.13738,-0.00022563
497,-0.015117,-0.13057,-0.00017712
498,-0.014271,-0.12365,-0.00014727
499,-0.013702,-0.11682,-0.00012488
500,-0.0131,-0.1101,-0.00013981
501,-0.012332,-0.10321,-0.00012861
502,-0.011554,-0.096603,-0.00015473
503,-0.011052,-0.090164,-0.00017339
504,-0.010337,-0.083542,-0.00022936
505,-0.0095657,-0.077175,-0.00024429
506,-0.0091128,-0.070695,-0.00018459
507,-0.0083303,-0.064514,-0.00016966
508,-0.0077201,-0.058726,-0.00019205
509,-0.0072147,-0.052732,-0.00026668
510,-0.0064436,-0.046883,-4.6524e-05
511,-0.0058221,-0.04102,-0.00010996
512,-0.0054141,-0.035236,-0.00039354
513,-0.0048713,-0.029839,-0.00012115
514,-0.0041862,-0.024354,-0.00019951
515,-0.0037482,-0.018778,-0.00014354
516,-0.0032802,-0.013356,-6.1449e-05
517,-0.0027748,-0.0078702,-0.00038981
518,-0.0021833,-0.0024592,-2.4135e-05
519,-0.0016106,0.0030378,-1.6672e-05
520,-0.0011276,0.0085759,-0.00025548
521,-0.00048375,0.01389,-0.00017712
522,-8.2487e-07,0.019379,-0.00024802
523,0.0004821,0.024921,-0.00011742
524,0.0010474,0.030459,-0.00021444
525,0.0016089,0.035971,-0.00024429
526,0.0022116,0.04158,-9.13e-05
527,0.0026759,0.047488,-0.00024056
528,0.0032898,0.053262,-0.00025175
529,0.0039936,0.059218,-0.00025175
530,0.0044578,0.065538,-0.0002928
531,0.0050418,0.071853,-8.7569e-05
532,0.005813,0.078284,-0.00016593
533,0.0065056,0.084932,-0.00032265
534,0.0071719,0.091655,-0.0002928
535,0.0079356,0.098568,-0.00037116
536,0.0086506,0.10601,-6.1449e-05
537,0.0094667,0.11349,-0.00012861
538,0.010144,0.12076,-0.00034504
539,0.010799,0.12831,-0.00020697
540,0.011818,0.13581,-0.00030399
541,0.012507,0.14312,-6.5181e-05
542,0.013184,0.15041,-0.00019951
543,0.014045,0.15772,-0.00025921
544,0.014685,0.16468,-9.2096e-06
545,0.015415,0.17134,-0.00030772
546,0.016127,0.17815,-0.00024056
547,0.016845,0.18442,-0.0002219
548,0.017493,0.19035,-0.00027414
549,0.017841,0.19623,-0.00027414
550,0.018519,0.20145,-0.00036369
551,0.019136,0.20653,-0.00019578
552,0.019612,0.21147,-0.00025548
553,0.020342,0.21591,-0.00023682
554,0.020626,0.22002,-0.00016593
555,0.021121,0.22393,-0.00022936
556,0.021521,0.22755,-0.00024429
557,0.021645,0.23089,-0.00015847
558,0.022274,0.23402,-0.00012861
559,0.022539,0.23684,-0.00020324
560,0.022715,0.23936,-5.0255e-05
561,0.023093,0.24168,-3.9061e-05
562,0.023292,0.24408,-0.00017712
563,0.023565,0.24598,-0.0001622
564,0.023895,0.24766,-0.00022563
565,0.024086,0.24958,-0.00018832
566,0.02425,0.25103,-0.00010249
567,0.024572,0.25254,-0.00018085
568,0.024703,0.254,-0.00015847
569,0.024801,0.25506,-0.00016966
570,0.024984,0.25631,-7.2643e-05
571,0.025145,0.25751,-9.8763e-05
572,0.025429,0.2586,-0.00025921
573,0.025617,0.25974,-5.7718e-05
574,0.02577,0.26077,-0.00010249
575,0.026006,0.2618,-0.00016593
576,0.026036,0.2628,-0.00013981
577,0.026231,0.26393,-0.00019205
578,0.026684,0.26506,-0.00014354
579,0.026609,0.26616,-0.00020324
580,0.026729,0.26739,-0.00012115
581,0.027103,0.2686,-6.8912e-05
582,0.027204,0.26977,-0.00012861
583,0.027582,0.27085,-0.00018832
584,0.027593,0.27194,-0.00030772
585,0.027721,0.27273,-0.00020697
586,0.028102,0.27337,-2.0404e-05
587,0.02799,0.27399,-0.00010623
588,0.028065,0.27411,-0.00021071
589,0.028166,0.2743,-0.00022936
590,0.02829,0.27416,-0.00015473
591,0.028353,0.27372,-0.00018085
592,0.028349,0.2735,-0.00038608
593,0.028361,0.27269,-0.00021444
594,0.028129,0.27165,-0.00010623
595,0.028301,0.27059,-0.00020324
596,0.028177,0.26904,-0.00022563
597,0.027728,0.26731,-0.00033384
598,0.027593,0.26536,-0.0003413
599,0.02738,0.26288,-0.00031892
600,0.027137,0.26051,-0.00026294
601,0.026931,0.25802,-0.00020324
602,0.026747,0.2547,-0.00017712
603,0.026249,0.25157,-0.00016966
604,0.02574,0.24812,-0.00015847
605,0.025452,0.24414,-0.00025921
606,0.025006,0.24008,-0.00024429
607,0.024494,0.23559,-6.1449e-05
608,0.024026,0.23116,-0.00027787
609,0.023528,0.22647,-0.00026668
610,0.022989,0.2215,-0.0001622
611,0.022427,0.21642,-0.00027414
612,0.021809,0.211,-8.7569e-05
613,0.0213,0.20539,-0.00014727
614,0.020698,0.19958,-0.00036742
615,0.01999,0.19376,-0.00029653
616,0.019312,0.18771,-0.00018459
617,0.018773,0.18136,-0.00025921
618,0.018268,0.17517,-0.00026294
619,0.017377,0.16889,-0.00021817
620,0.016617,0.16223,-0.00027787
621,0.016018,0.15531,-0.00024056
622,0.015258,0.14858,-0.00012861
623,0.014566,0.14178,-0.00024056
624,0.013873,0.1347,-0.00025921
625,0.013124,0.1279,-9.8763e-05
626,0.012484,0.12099,-0.00018459
627,0.011758,0.11403,-0.00016593
628,0.011002,0.10721,-0.00028906
629,0.010358,0.10037,-0.00027787
630,0.0096652,0.093826,-0.00012115
631,0.0089614,0.087148,-0.0001622
632,0.0082164,0.080665,-6.8912e-05
633,0.007711,0.074401,-0.00021444
634,0.007142,0.068183,-0.000151
635,0.0063895,0.062219,-0.00011369
636,0.0058242,0.056221,-0.00020697
637,0.0051092,0.050373,-0.00018085
638,0.0045926,0.044488,-0.00033384
639,0.0040872,0.038901,-0.00017339
640,0.0033722,0.033325,-0.00010996
641,0.0028443,0.027458,-0.00012488
642,0.0022678,0.022096,-2.7867e-05
643,0.0017886,0.016659,-0.0001622
644,0.0013094,0.011128,-0.00019951
645,0.00066928,0.0057658,-0.00017339
646,0.00027246,0.00016415,-0.00010623
647,-0.00015806,-0.0053366,-3.9061e-05
648,-0.00084688,-0.010733,-0.000151
649,-0.0013523,-0.016189,-0.00023682
650,-0.0019026,-0.021712,-0.00012488
651,-0.0026101,-0.027399,-0.00012115
652,-0.0029882,-0.033064,-0.00014354
653,-0.0034262,-0.038797,-0.00013608
654,-0.0041413,-0.044477,-0.00032638
655,-0.0047477,-0.050277,-0.00027414
656,-0.0053766,-0.05648,-0.00013608
657,-0.0059007,-0.062489,-0.00021444
658,-0.0063687,-0.068576,-0.00023682
659,-0.0071661,-0.074925,-9.5032e-05
660,-0.0079223,-0.081319,-5.7718e-05
661,-0.0084689,-0.088023,-0.00021444
662,-0.0091764,-0.094716,-0.00017712
663,-0.0098914,-0.10166,-8.3838e-05
664,-0.010666,-0.10893,1.3179e-05
665,-0.011479,-0.11605,-0.00014354
666,-0.012186,-0.12353,-0.0002928
667,-0.013051,-0.13094,-2.4135e-05
668,-0.01371,-0.13816,-0.00013608
669,-0.014328,-0.14558,-0.00025921
670,-0.015323,-0.15281,-0.00021071
671,-0.016068,-0.15994,-5.7718e-05
672,-0.016634,-0.16671,7.2881e-05
673,-0.017427,-0.17335,-0.00023309
674,-0.018019,-0.18004,-0.00016593
675,-0.018633,-0.1861,-0.00010623
676,-0.019426,-0.19205,-0.00018832
677,-0.019902,-0.19801,1.691e-05
678,-0.02049,-0.20336,-8.3838e-05
679,-0.02122,-0.20865,-0.00024802
680,-0.021706,-0.2137,-0.00014354
681,-0.022144,-0.21809,-0.00021071
682,-0.022616,-0.22234,-0.00035996
683,-0.023091,-0.22615,-0.00019578
684,-0.023413,-0.2297,-0.00016966
685,-0.023791,-0.23314,-0.00019205
686,-0.024196,-0.23607,-5.0255e-05
687,-0.024458,-0.23887,-0.00018085
688,-0.024739,-0.24147,-0.00018085
689,-0.024967,-0.24369,-2.4135e-05
690,-0.025266,-0.24584,-1.7468e-06
691,-0.025491,-0.24787,-0.00011369
692,-0.025716,-0.24971,-0.00031145
693,-0.026116,-0.25145,-0.00024802
694,-0.026288,-0.25299,-0.00025175
695,-0.026431,-0.25443,-0.00022563
696,-0.026603,-0.25571,-6.5181e-05
697,-0.026738,-0.25687,-0.00023309
698,-0.026988,-0.25812,-0.00018085
699,-0.027198,-0.25914,4.303e-05
700,-0.027374,-0.26017,-0.00010996
701,-0.027528,-0.26126,-0.00018832
702,-0.027599,-0.26204,-7.6375e-05
703,-0.027692,-0.26301,-0.00019951
704,-0.027943,-0.26408,-0.00025921
705,-0.0281,-0.26488,-0.00026668
706,-0.028347,-0.266,-0.0002816
707,-0.028613,-0.26712,-0.0002219
708,-0.028707,-0.26807,-0.00027787
709,-0.028931,-0.26931,-9.13e-05
710,-0.029036,-0.27047,-7.6375e-05
711,-0.029186,-0.27146,-0.00023309
712,-0.029399,-0.27233,-0.00021071
713,-0.029605,-0.2731,-0.00018832
714,-0.029796,-0.27378,-8.7569e-05
715,-0.029998,-0.27436,-0.00025921
716,-0.030062,-0.27468,-0.00021817
717,-0.029882,-0.27466,-8.7569e-05
718,-0.030017,-0.2745,-0.00019205
719,-0.030062,-0.27419,-0.00012115
720,-0.029983,-0.27368,-0.00012488
721,-0.029946,-0.27298,-0.00022563
722,-0.02974,-0.27193,-0.00033384
723,-0.029789,-0.27067,-0.00014354
724,-0.029759,-0.26931,-0.00011742
725,-0.0295,-0.26743,-0.00024429
726,-0.029411,-0.2653,-0.00012115
727,-0.029171,-0.26315,-0.00031145
728,-0.02886,-0.26052,-0.00025175
729,-0.028714,-0.25778,-5.7718e-05
730,-0.028276,-0.25478,-7.2643e-05
731,-0.027857,-0.25142,-8.0106e-05
732,-0.027715,-0.24797,-0.00024802
733,-0.027277,-0.24407,-0.00024056
734,-0.026663,-0.24011,-0.00024429
735,-0.026191,-0.23585,-0.00025921
736,-0.025757,-0.23126,-0.00011742
737,-0.025233,-0.22664,-0.00016966
738,-0.024802,-0.22168,-0.00030026
739,-0.024338,-0.21654,-0.00031892
740,-0.023597,-0.21122,-0.00020697
741,-0.023061,-0.20576,-0.00019578
742,-0.022519,-0.20003,-0.00013608
743,-0.021781,-0.1941,-0.00023682
744,-0.021212,-0.18811,-0.00035996
745,-0.020523,-0.182,-3.5329e-05
746,-0.019827,-0.17563,-0.00021444
747,-0.019202,-0.16918,-0.0002928
748,-0.018397,-0.16254,-5.4782e-06
749,-0.017742,-0.15567,-0.000151
750,-0.017206,-0.14896,-0.00023309
751,-0.01642,-0.14213,-0.00027041
752,-0.01566,-0.13548,-0.00010249
753,-0.014893,-0.12846,-2.4135e-05
754,-0.014137,-0.12132,-0.00020324
755,-0.013515,-0.11454,-4.6524e-05
756,-0.012793,-0.10747,-2.0404e-05
757,-0.012168,-0.10087,-0.00021071
758,-0.01146,-0.094271,-0.000151
759,-0.010745,-0.087604,-0.0002219
760,-0.010052,-0.081162,-0.00040101
761,-0.0092588,-0.074727,-0.00025921
762,-0.0087683,-0.068572,-0.00012488
763,-0.008102,-0.062425,-0.00014354
764,-0.0074356,-0.056487,-0.00017339
765,-0.0069901,-0.050497,-0.00016593
766,-0.0063387,-0.044761,-0.00026668
767,-0.0057735,-0.039055,-0.00025921
768,-0.0051408,-0.033132,-0.0002219
769,-0.0045119,-0.027541,-0.00038235
770,-0.0041113,-0.021966,-0.00014727
771,-0.0034786,-0.016484,-0.00011369
772,-0.0029171,-0.010946,-0.00031145
773,-0.0025802,-0.0054449,-0.00015473
774,-0.0018689,8.9414e-05,-0.00024429
775,-0.0012924,0.0056836,-0.00023309
776,-0.00088057,0.01121,-0.00014727
777,-0.00029657,0.01673,-0.00018832
778,0.00017138,0.022249,-6.8912e-05
779,0.00086395,0.028053,-0.00019951
780,0.0013806,0.033778,-0.00015473
781,0.0017624,0.039529,-5.3986e-05
782,0.0025074,0.045377,-0.00025548
783,0.0031213,0.051307,-5.3986e-05
784,0.0035968,0.057488,-6.8912e-05
785,0.0043343,0.063703,-0.00024429
786,0.0050343,0.06985,-3.5329e-05
787,0.0054723,0.076199,-0.0003413
788,0.0062285,0.082798,-0.00040101
789,0.0070334,0.089357,-9.13e-05
790,0.0076998,0.096221,-0.00022936
791,0.008441,0.10324,-0.00012861
792,0.0091523,0.11047,-3.9061e-05
793,0.0099122,0.11791,-0.00018459
794,0.010665,0.12516,-0.000151
795,0.011462,0.13245,-0.00013235
796,0.012162,0.13976,-0.00020324
797,0.012858,0.14707,-0.00026294
798,0.013521,0.15434,-0.00018459
799,0.014244,0.16137,-0.00015473
800,0.015108,0.16806,-0.00023682
801,0.015696,0.17475,-0.00015473
802,0.016527,0.18144,-0.00012488
803,0.017145,0.18759,-0.00019951
804,0.017647,0.19352,-0.00031518
805,0.018534,0.19942,-0.00019578
806,0.018871,0.205,-0.00013235
807,0.019357,0.21017,-0.00016593
808,0.020024,0.21511,-9.13e-05
809,0.020462,0.21971,-0.00033384
810,0.020997,0.22366,-0.00029653
811,0.021383,0.22762,-0.00012488
812,0.021809,0.2313,-8.7569e-05
813,0.022184,0.23443,-0.00010249
814,0.022468,0.23752,-0.00020697
815,0.022749,0.24019,-0.00018459
816,0.023116,0.24269,-0.00020697
817,0.023468,0.24488,-0.00030772
818,0.023633,0.24689,-0.00029653
819,0.023928,0.24898,-7.6375e-05
820,0.024123,0.2508,-0.00017712
821,0.024284,0.25238,-0.00033011
822,0.024583,0.25383,-0.0001622
823,0.024726,0.25543,-0.00014727
824,0.024905,0.25667,-0.000151
825,0.025164,0.25798,-0.00017712
826,0.025325,0.25931,-0.00012488
827,0.025561,0.26036,3.5567e-05
828,0.025785,0.2617,-0.00012488
829,0.025808,0.26275,-0.00015473
830,0.026122,0.26378,-0.00013981
831,0.026347,0.26495,-0.00033384
832,0.026433,0.2659,-0.00016966
833,0.026646,0.2668,-0.00011369
834,0.026695,0.26794,-5.3986e-05
835,0.026934,0.26911,0.0001102
836,0.027028,0.27001,-0.00018085
837,0.027215,0.27106,-0.00024429
838,0.027575,0.27219,-9.8763e-05
839,0.027709,0.27307,-0.00014354
840,0.027994,0.27391,-0.00012115
841,0.028065,0.27483,-0.00013608
842,0.028035,0.27537,-0.00024429
843,0.028301,0.27579,-0.00037862
844,0.028398,0.27609,-0.0002219
845,0.028398,0.27592,-7.2643e-05
846,0.028529,0.2757,-0.00013981
847,0.028406,0.27535,-5.0255e-05
848,0.028451,0.27493,-0.0001622
849,0.028458,0.27413,-0.00021444
850,0.0282,0.27301,-0.00030772
851,0.028282,0.27186,-0.00024429
852,0.028144,0.27021,-8.7569e-05
853,0.028016,0.2683,-0.00027787
854,0.027773,0.26595,-9.8763e-05
855,0.027335,0.26365,-0.00017712
856,0.027137,0.26117,-0.00023309
857,0.026777,0.25806,-0.00015847
858,0.026665,0.25493,-0.00023309
859,0.026358,0.25149,-9.5032e-05
860,0.025721,0.24786,-0.00027041
861,0.025336,0.24394,-0.00024429
862,0.024917,0.2399,-0.00023309
863,0.024595,0.23578,-0.00028533
864,0.024168,0.23109,-0.00019951
865,0.023502,0.22648,-0.00021817
866,0.023022,0.22161,-0.00013981
867,0.022517,0.21652,-0.0003413
868,0.021993,0.2113,-0.00038981
869,0.021326,0.2054,-0.00019951
870,0.020582,0.19994,-0.00013235
871,0.020027,0.19426,-0.00012115
872,0.019324,0.18789,-0.00018459
873,0.018773,0.18182,-0.00023309
874,0.018028,0.17551,-0.00023682
875,0.017231,0.16886,-0.00019578
876,0.016711,0.16221,-0.00030399
877,0.015812,0.15558,-0.00045698
878,0.015161,0.1487,-0.00036369
879,0.014607,0.14177,-0.00012488
880,0.013892,0.13491,-0.00020697
881,0.013091,0.12796,-0.00025548
882,0.012282,0.12108,-0.00013981
883,0.011664,0.11407,-0.00018085
884,0.010904,0.10719,-1.7468e-06
885,0.010313,0.10046,-8.0106e-05
886,0.0096427,0.093654,-0.00022936
887,0.0089314,0.087017,-0.00019951
888,0.0082351,0.080668,-0.00043832
889,0.0075276,0.074364,-0.00018085
890,0.006966,0.06812,2.8104e-05
891,0.00612,0.062058,-0.00031145
892,0.0056034,0.056064,-0.00017712
893,0.0051616,0.05025,-0.00016593
894,0.0045589,0.044364,-0.00025921
895,0.0039487,0.038523,-0.00010623
896,0.0032898,0.032926,-0.00019205
897,0.0029791,0.027201,-3.9061e-05
898,0.0022977,0.021539,-7.2643e-05
899,0.0016052,0.015994,-0.00018085
900,0.0011597,0.01053,-2.7867e-05
901,0.00050831,0.0050371,-0.00016593
902,5.9073e-05,-0.00063928,-0.00019578
903,-0.00042385,-0.006155,-0.00017712
904,-0.0008656,-0.011828,-0.00021817
905,-0.0013747,-0.017545,-0.00014727
906,-0.002086,-0.023068,-7.2643e-05
907,-0.0025315,-0.02867,-0.00019951
908,-0.0030144,-0.034339,-0.00039727
909,-0.0037557,-0.040123,-0.00024429
910,-0.0043808,-0.045938,-0.00012115
911,-0.0049723,-0.051973,-0.00010623
912,-0.0056013,-0.058057,-7.6375e-05
913,-0.0060992,-0.064301,-0.00018459
914,-0.006803,-0.070714,-0.00019951
915,-0.0075517,-0.077134,-0.00012488
916,-0.0082218,-0.083931,-0.00012861
917,-0.0089143,-0.090882,-0.00028906
918,-0.0095021,-0.097806,-0.00017339
919,-0.010277,-0.10479,-9.2096e-06
920,-0.011071,-0.11211,-0.0002816
921,-0.011763,-0.11935,-0.00029653
922,-0.012441,-0.1266,-0.0001622
923,-0.013261,-0.1341,-0.00016593
924,-0.014081,-0.14126,-0.000151
925,-0.014687,-0.14847,-0.0003413
926,-0.015514,-0.15559,-0.00041966
927,-0.016293,-0.16249,-0.00013235
928,-0.016986,-0.1693,-8.7569e-05
929,-0.017768,-0.17597,-0.00011369
930,-0.018322,-0.18253,-5.7718e-05
931,-0.018943,-0.18851,-0.00033384
932,-0.019644,-0.19453,-0.00024056
933,-0.020239,-0.20032,-6.8912e-05
934,-0.020853,-0.20567,-0.00023682
935,-0.021399,-0.2109,-0.00028906
936,-0.02198,-0.21558,-0.00028906
937,-0.022451,-0.2203,-8.0106e-05
938,-0.022751,-0.22461,-0.000151
939,-0.023267,-0.22831,-0.00026668
940,-0.023709,-0.23199,-0.00019578
941,-0.024031,-0.23519,-0.00028533
942,-0.024398,-0.23827,-0.0001622
943,-0.024596,-0.24109,-0.00026294
944,-0.024997,-0.24353,-0.0002928
945,-0.025401,-0.24596,-0.00018459
946,-0.025573,-0.24808,-0.00021444
947,-0.025963,-0.2499,-0.00024802
948,-0.026086,-0.25157,-0.00034877
949,-0.026161,-0.25322,-0.00025548
950,-0.026562,-0.25464,-0.00019205
951,-0.026663,-0.25618,-7.2643e-05
952,-0.026872,-0.25765,-0.00014727
953,-0.027067,-0.25878,-0.00024056
954,-0.027168,-0.26014,-0.00013608
955,-0.02746,-0.2613,-0.00027787
956,-0.027587,-0.26233,-0.00020324
957,-0.027842,-0.26355,-0.00012861
958,-0.027995,-0.2646,-0.00027041
959,-0.028085,-0.26559,-0.00020324
960,-0.028213,-0.2667,-0.00014354
961,-0.0284,-0.26773,-0.0001622
962,-0.028707,-0.26866,-0.00018459
963,-0.028767,-0.26976,-0.00026294
964,-0.029044,-0.27075,-0.00017339
965,-0.029287,-0.2717,-0.00019951
966,-0.029474,-0.27263,-0.00021444
967,-0.029751,-0.27364,-8.0106e-05
968,-0.029688,-0.27469,-0.00013608
969,-0.029785,-0.27516,-0.00013608
970,-0.02989,-0.27559,-0.00012488
971,-0.029968,-0.27596,-0.000151
972,-0.030283,-0.27601,-0.00027041
973,-0.03029,-0.27624,-0.0002219
974,-0.030249,-0.27609,-0.00017712
975,-0.030208,-0.2756,-0.00030026
976,-0.030126,-0.27507,-0.00012115
977,-0.030178,-0.27414,-0.00017712
978,-0.030032,-0.27304,-0.00030026
979,-0.029976,-0.27163,-0.00018085
980,-0.029819,-0.27003,-0.00019205
981,-0.029628,-0.26834,-0.0002219
982,-0.029553,-0.26608,-0.00011369
983,-0.02925,-0.26355,-0.00010623
984,-0.028928,-0.26082,-0.00026294
985,-0.028576,-0.25789,-0.00013608
986,-0.0284,-0.25463,-0.00020697
987,-0.028022,-0.25108,-0.00046817
988,-0.027501,-0.24761,-0.00025175
989,-0.027228,-0.24369,-0.0002219
990,-0.026681,-0.23936,-0.00026294
991,-0.026176,-0.23493,-0.00015473
992,-0.025772,-0.23024,-0.00032265
993,-0.025135,-0.22551,-0.00020697
994,-0.024574,-0.22054,-0.00027041
995,-0.024098,-0.21534,-0.00037489
996,-0.023496,-0.21026,-0.00011742
997,-0.022938,-0.20494,-0.00025548
998,-0.022433,-0.19915,-0.00025921
999,-0.021901,-0.19309,-0.00011742
1000,-0.021201,-0.18714,-0.00013235
1001,-0.020302,-0.18105,-0.00010623
1002,-0.019718,-0.17456,-0.00021071
1003,-0.019142,-0.16811,-0.00019205
1004,-0.018303,-0.1614,-7.6375e-05
1005,-0.017652,-0.15448,-0.00018459
1006,-0.016989,-0.14785,-0.00016966
1007,-0.016177,-0.14105,-5.3986e-05
1008,-0.015492,-0.13396,-0.00017712
1009,-0.014923,-0.12709,-0.00014354
1010,-0.014178,-0.12034,-0.00011369
1011,-0.013306,-0.11331,-0.00014727
1012,-0.012568,-0.10647,-9.5032e-05
1013,-0.012018,-0.099962,-0.00020697
1014,-0.011411,-0.093333,-0.00011742
1015,-0.010674,-0.086999,-5.3986e-05
1016,-0.010101,-0.080889,-0.00012861
1017,-0.0094235,-0.074529,-9.8763e-05
1018,-0.008701,-0.068371,-5.0255e-05
1019,-0.0081956,-0.062395,-0.00012488
1020,-0.0075629,-0.056413,-0.0002816
1021,-0.0069901,-0.050508,-0.00015473
1022,-0.0064248,-0.044701,-0.00023682
1023,-0.0056162,-0.039163,-0.00024802
1024,-0.0052157,-0.033603,-0.000151
1025,-0.0047889,-0.02787,-0.00024802
1026,-0.0040477,-0.022377,-0.00010623
1027,-0.0036359,-0.016887,-0.00025175
1028,-0.0032278,-0.011211,-0.00016593
1029,-0.0025577,-0.0057476,-3.1598e-05
1030,-0.0019737,-0.00020206,-0.00024429
1031,-0.0016368,0.0053921,-0.00011742
1032,-0.0011351,0.010822,-0.00012861
1033,-0.00049124,0.016382,-0.00018459
1034,0.000104,0.022062,-7.6375e-05
1035,0.00068051,0.027896,-0.00010249
1036,0.0012308,0.033516,-0.0001622
1037,0.0019234,0.039219,-0.00013981
1038,0.0024812,0.045175,-0.00027041
1039,0.0030053,0.051038,-0.00024429
1040,0.0035706,0.057085,-2.7867e-05
1041,0.0042032,0.063165,-0.00016966
1042,0.0050268,0.069435,-0.000151
1043,0.0056745,0.075907,-7.6375e-05
1044,0.0061611,0.082481,-7.2643e-05
1045,0.006805,0.089233,-5.0255e-05
1046,0.0076137,0.096128,-0.00040474
1047,0.0083774,0.10315,-0.00015847
1048,0.0091747,0.11014,0.00020721
1049,0.0097999,0.11734,-1.6672e-05
1050,0.010515,0.12463,-6.5181e-05
1051,0.011443,0.13195,-0.00022936
1052,0.012031,0.13905,-0.00024802
1053,0.012847,0.14596,-0.00022563
1054,0.013555,0.15326,-0.00021817
1055,0.014236,0.16021,-0.00013981
1056,0.015048,0.16679,-0.00028906
1057,0.015603,0.17353,-0.00018085
1058,0.016385,0.17997,-0.00010623
1059,0.016961,0.18615,-0.00012861
1060,0.017658,0.19216,-9.13e-05
1061,0.018249,0.19779,-0.00011742
1062,0.018706,0.20324,-0.00019205
1063,0.019462,0.20834,-0.00018832
1064,0.019814,0.21306,-5.3986e-05
1065,0.020312,0.21737,-0.00022936
1066,0.020832,0.22157,-0.0003525
1067,0.021124,0.22549,-0.00024802
1068,0.021656,0.22883,-0.00025175
1069,0.022049,0.23241,-0.00012115
1070,0.022334,0.2356,-7.2643e-05
1071,0.022734,0.23829,-0.00010996
1072,0.022985,0.24102,-0.00029653
1073,0.023239,0.2432,-0.00041593
1074,0.023528,0.24547,-0.00014354
1075,0.023756,0.24757,-0.00022563
1076,0.024074,0.24931,-0.00011369
1077,0.024261,0.25103,1.9846e-06
1078,0.024494,0.25255,-0.0002816
1079,0.024707,0.25417,-0.00015473
1080,0.024827,0.25538,-9.5032e-05
1081,0.02495,0.25652,-0.000151
1082,0.025167,0.258,-9.13e-05
1083,0.02559,0.25913,-6.5181e-05
1084,0.025639,0.26023,-0.00013235
1085,0.025703,0.26143,-0.0002816
1086,0.025927,0.26246,-0.00019205
1087,0.026017,0.26357,-7.2643e-05
1088,0.026246,0.26462,-0.00016593
1089,0.026448,0.26586,-0.00019205
1090,0.026773,0.26729,-0.00017339
1091,0.027024,0.26827,-0.00018832
1092,0.027159,0.26938,-0.00011742
1093,0.027387,0.27075,-0.00028906
1094,0.0275,0.27194,-0.00033011
1095,0.027765,0.27303,-0.00013235
1096,0.027971,0.27383,-0.00021817
1097,0.028024,0.27433,-0.0001622
1098,0.02817,0.27489,-0.00015473
1099,0.028121,0.27527,-0.00015847
1100,0.028252,0.27532,-0.00012861
1101,0.028368,0.27539,-0.00018085
1102,0.028162,0.27502,-0.00011369
1103,0.028331,0.2745,-0.00036742
1104,0.028417,0.27394,-0.00030026
1105,0.028226,0.27305,-0.00016966
1106,0.028196,0.27203,-0.00038235
1107,0.028117,0.27049,-0.00037116
1108,0.027979,0.26881,-0.00038235
1109,0.027799,0.26688,-0.00013235
1110,0.027567,0.26459,-3.5329e-05
1111,0.027185,0.26237,-0.00022936
1112,0.026901,0.25977,-0.00012488
1113,0.026848,0.25681,-0.00011742
1114,0.026489,0.25364,-0.00020324
1115,0.025957,0.25033,-0.00014727
1116,0.025699,0.24664,-0.00019205
1117,0.0254,0.24264,-0.00027414
1118,0.024767,0.23838,-0.00017339
1119,0.024314,0.23382,-0.00013981
1120,0.023838,0.2293,-0.00021444
1121,0.023217,0.22442,-0.00010996
1122,0.02282,0.21948,-9.13e-05
1123,0.022202,0.21422,-0.00027787
1124,0.021577,0.20872,-0.00018085
1125,0.021113,0.20328,-0.00024429
1126,0.020391,0.19744,-0.00030026
1127,0.019638,0.19149,-6.8912e-05
1128,0.018994,0.18513,-0.00028906
1129,0.01838,0.17883,-0.00011742
1130,0.017834,0.17258,-5.7718e-05
1131,0.0171,0.16584,-0.00026668
1132,0.016377,0.15913,-0.00013981
1133,0.01573,0.15247,-0.00037862
1134,0.014865,0.14562,-0.00031892
1135,0.014244,0.13858,-0.00027414
1136,0.013573,0.13166,-0.00027787
1137,0.012686,0.12467,-0.00027041
1138,0.012072,0.11751,-0.00029653
1139,0.011398,0.11074,-1.2941e-05
1140,0.010691,0.10417,-0.00025548
1141,0.0099909,0.097507,-0.00028533
1142,0.009347,0.090885,-4.2792e-05
1143,0.0087779,0.084476,-0.0002219
1144,0.0079581,0.078202,-0.00025548
1145,0.0073816,0.071883,-9.8763e-05
1146,0.0067264,0.065616,-0.00021817
1147,0.0060301,0.059622,-0.00027414
1148,0.0055734,0.053804,-0.00010996
1149,0.0048509,0.047851,-0.00035623
1150,0.0042631,0.041883,-0.00030399
1151,0.003754,0.036207,-0.00010996
1152,0.0032636,0.030515,-0.00026294
1153,0.0026347,0.02479,-0.00015847
1154,0.0019608,0.019338,-0.00020697
1155,0.0015116,0.014006,-0.00020697
1156,0.00098,0.0083181,-5.7718e-05
1157,0.00053077,0.00278,-0.00015473
1158,3.2868e-05,-0.0025825,-8.0106e-05
1159,-0.00055488,-0.0084606,-0.00013981
1160,-0.0011202,-0.013961,-0.00030772
1161,-0.0017266,-0.019413,-0.00013235
1162,-0.0023106,-0.025422,-0.00018459
1163,-0.0028048,-0.03123,-0.00024802
1164,-0.0034786,-0.036955,-0.00014727
1165,-0.0041076,-0.042877,-0.00012115
1166,-0.0045605,-0.048838,-8.0106e-05
1167,-0.0052681,-0.054798,-0.00023682
1168,-0.0057772,-0.061043,-0.00025921
1169,-0.00635,-0.067541,-0.00030772
1170,-0.0071811,-0.073901,-0.00032638
1171,-0.0077463,-0.080314,-0.00023309
1172,-0.0083603,-0.087186,-0.00022936
1173,-0.0092026,-0.094043,-4.6524e-05
1174,-0.0099551,-0.10103,-0.00013235
1175,-0.010595,-0.10829,-0.00021817
1176,-0.01143,-0.11547,-0.000151
1177,-0.012197,-0.12275,-0.00019578
1178,-0.012838,-0.13014,-0.00025175
1179,-0.013646,-0.13761,-0.00031892
1180,-0.01429,-0.14498,-0.00024802
1181,-0.014945,-0.15229,-0.0001622
1182,-0.0159,-0.15936,-0.00021817
1183,-0.016694,-0.16622,-0.00018459
1184,-0.017278,-0.17305,-0.000151
1185,-0.017993,-0.17967,-0.00026668
1186,-0.018738,-0.1861,-0.00022563
1187,-0.019419,-0.192,-0.00025921
1188,-0.020029,-0.19787,-0.00031145
1189,-0.020534,-0.20356,-0.00017339
1190,-0.021104,-0.20844,-0.00010623
1191,-0.021616,-0.21344,-0.00014354
1192,-0.022167,-0.21815,-0.00018085
1193,-0.022743,-0.22223,-0.00024429
1194,-0.023121,-0.22631,-0.00030399
1195,-0.023395,-0.22995,-0.00019205
1196,-0.023788,-0.23336,-0.00016966
1197,-0.024244,-0.23666,-0.00012861
1198,-0.024405,-0.23945,-8.7569e-05
1199,-0.024787,-0.24202,-0.00016966
1200,-0.025094,-0.24444,-9.8763e-05
1201,-0.025308,-0.24672,-8.3838e-05
1202,-0.025742,-0.24872,-0.00019205
1203,-0.025783,-0.2505,-0.00017712
1204,-0.026068,-0.25244,-0.00014354
1205,-0.026449,-0.25412,-0.00031145
1206,-0.026509,-0.25556,-0.00028533
1207,-0.026618,-0.25706,-8.0106e-05
1208,-0.026805,-0.25829,-0.00014354
1209,-0.027105,-0.25952,-0.00027041
1210,-0.027198,-0.26066,-0.00021071
1211,-0.027232,-0.26158,-0.00014354
1212,-0.027505,-0.26261,-0.0002816
1213,-0.027726,-0.26347,-0.00019205
1214,-0.02782,-0.26437,-6.5181e-05
1215,-0.028093,-0.26549,-0.00020697
1216,-0.028302,-0.2665,-0.00027787
1217,-0.028389,-0.26738,-0.0002928
1218,-0.028587,-0.26824,-0.00016593
1219,-0.028714,-0.26939,-0.00014354
1220,-0.028965,-0.27048,-0.00012861
1221,-0.029246,-0.27143,-0.00013981
1222,-0.029343,-0.27251,-0.00022563
1223,-0.029542,-0.27335,-0.00018085
1224,-0.029646,-0.27415,-0.00022563
1225,-0.02974,-0.2748,-9.8763e-05
1226,-0.029961,-0.2752,-0.00022936
1227,-0.030006,-0.27557,-0.00020697
1228,-0.030073,-0.27568,-8.7569e-05
1229,-0.030114,-0.27566,-0.00025921
1230,-0.030193,-0.27525,-6.5181e-05
1231,-0.030197,-0.27458,-0.00014727
1232,-0.030047,-0.27395,-0.00027041
1233,-0.030051,-0.27304,-0.00018459
1234,-0.029931,-0.27183,-0.00012861
1235,-0.029736,-0.27044,-7.2643e-05
1236,-0.029594,-0.26876,-0.00017712
1237,-0.029433,-0.2666,-0.00017339
1238,-0.029115,-0.26439,-0.00015847
1239,-0.02898,-0.26192,-0.00020697
1240,-0.028699,-0.25905,-0.00030026
1241,-0.028332,-0.25627,-0.00025175
1242,-0.028164,-0.25304,-0.00018085
1243,-0.027572,-0.2495,-0.00017712
1244,-0.027269,-0.2459,2.0642e-05
1245,-0.026854,-0.24193,-9.13e-05
1246,-0.0263,-0.23775,-0.00028906
1247,-0.025978,-0.23326,-0.00015473
1248,-0.025401,-0.22865,-0.00012488
1249,-0.024915,-0.2239,-0.00012115
1250,-0.024353,-0.21881,-0.00015847
1251,-0.023795,-0.21355,-0.00018085
1252,-0.023185,-0.20818,-0.00014354
1253,-0.02262,-0.20248,-0.00015847
1254,-0.022013,-0.19643,-9.13e-05
1255,-0.021388,-0.19053,-0.00021817
1256,-0.020782,-0.18452,-0.00019205
1257,-0.019947,-0.17821,-2.0404e-05
1258,-0.0194,-0.17176,-0.00013235
1259,-0.018734,-0.16526,-0.00016966
1260,-0.018064,-0.15856,-0.00016966
1261,-0.017454,-0.15173,-0.00011369
1262,-0.016529,-0.14503,-0.00014727
1263,-0.015836,-0.13814,-0.00020697
1264,-0.015275,-0.13128,-0.00010249
1265,-0.014571,-0.12447,-0.00015847
1266,-0.013781,-0.11754,-0.00020324
1267,-0.013137,-0.11081,-0.00024056
1268,-0.012422,-0.10416,-0.00025548
1269,-0.011542,-0.097451,-0.00019578
1270,-0.011037,-0.090856,-9.8763e-05
1271,-0.010404,-0.084563,-8.0106e-05
1272,-0.0096331,-0.078161,-0.00017712
1273,-0.0090828,-0.071745,-0.00012488
1274,-0.0084988,-0.065699,-0.00013981
1275,-0.0079036,-0.059417,-0.00025921
1276,-0.0071286,-0.053408,-0.00032265
1277,-0.0066195,-0.047552,-0.00029653
1278,-0.0061703,-0.041435,-0.00024429
1279,-0.0054216,-0.035901,-0.00013235
1280,-0.0048787,-0.030333,-6.8912e-05
1281,-0.0043434,-0.024739,-0.00026294
1282,-0.003838,-0.019298,-0.00027787
1283,-0.0031791,-0.013849,-8.0106e-05
1284,-0.0026401,-0.0084457,-0.00016593
1285,-0.0023443,-0.0028926,-0.00034504
1286,-0.0017491,0.0025558,-0.00023309
1287,-0.0011801,0.0081686,-0.00027787
1288,-0.00052493,0.013639,-0.0003413
1289,4.7842e-05,0.01917,-0.00017339
1290,0.0005682,0.024813,-0.00029653
1291,0.0010511,0.030175,-0.00030772
1292,0.0014667,0.036165,-0.00019578
1293,0.0021705,0.042178,-0.00024802
1294,0.0027545,0.047862,-0.00022936
1295,0.0034658,0.053957,-0.00022936
1296,0.004192,0.060216,-4.2792e-05
1297,0.0047161,0.066453,2.4373e-05
1298,0.0053076,0.072746,-0.00018832
1299,0.0058018,0.079237,-0.00018832
1300,0.0065467,0.085911,-0.00016966
1301,0.0074489,0.092851,-0.00019951
1302,0.0081153,0.099947,-0.00013981
1303,0.0087068,0.10704,-0.00013981
1304,0.0093694,0.11437,-0.00019205
1305,0.010208,0.12162,-0.00025921
1306,0.011118,0.12908,-0.00037116
1307,0.011881,0.1367,-0.00026668
1308,0.012559,0.14399,-8.0106e-05
1309,0.013296,0.15129,-0.00020697
1310,0.014083,0.15839,-0.00016966
1311,0.014809,0.16536,-0.000151
1312,0.015475,0.17213,-0.00031145
1313,0.016201,0.17861,-0.00019205
1314,0.01689,0.18486,-0.0002928
1315,0.017557,0.19087,-0.00028533
1316,0.018182,0.19676,-0.00013981
1317,0.018728,0.20213,-0.00024056
1318,0.019301,0.20728,-0.00021071
1319,0.019672,0.21226,-0.00012861
1320,0.020267,0.21671,4.303e-05
1321,0.020772,0.22091,-7.6375e-05
1322,0.020963,0.22492,-0.00041593
1323,0.021592,0.22846,-0.00030026
1324,0.022012,0.23185,-6.1449e-05
1325,0.02233,0.23507,-0.00012861
1326,0.022704,0.23788,-0.00019578
1327,0.022899,0.24052,-6.5181e-05
1328,0.023172,0.24282,-9.5032e-05
1329,0.023348,0.24498,-0.00022563
1330,0.023853,0.24697,-0.00028906
1331,0.024063,0.24892,-0.00027414
1332,0.023977,0.25078,-0.00017712
1333,0.024348,0.25238,-0.00016593
1334,0.024625,0.25406,-0.00013981
1335,0.024917,0.25535,-0.00021071
1336,0.025078,0.25677,-0.00038235
1337,0.025272,0.25825,-0.00025921
1338,0.025429,0.25948,-0.00020697
1339,0.025538,0.26082,-0.00021444
1340,0.025961,0.2619,-0.00023309
1341,0.026152,0.26321,-0.00030772
1342,0.026313,0.26441,-0.00021817
1343,0.02641,0.26534,-0.00030399
1344,0.02647,0.26664,-0.00018832
1345,0.026642,0.26776,-0.00012488
1346,0.027024,0.26883,-0.00024056
1347,0.027226,0.26988,-0.00024056
1348,0.027204,0.271,-0.00026668
1349,0.027578,0.27234,-0.00019951
1350,0.027777,0.27325,-0.00020697
1351,0.027983,0.27414,-0.00024056
1352,0.0282,0.2752,-0.00027787
1353,0.028312,0.27595,-0.00018459
1354,0.028394,0.2765,-0.00019951
1355,0.028417,0.27678,-0.00011742
1356,0.028713,0.27692,-5.7718e-05
1357,0.028709,0.27691,-0.00025921
1358,0.028615,0.27665,-0.00013608
1359,0.028679,0.2763,-0.0001622
1360,0.028567,0.2756,-0.00016593
1361,0.028507,0.27475,-0.00010996
1362,0.028424,0.27364,-0.00012861
1363,0.028196,0.27184,-8.7569e-05
1364,0.028166,0.27013,-0.00026294
1365,0.028035,0.2683,-0.00017712
1366,0.027743,0.26576,-0.00010623
1367,0.027597,0.26325,-0.00020697
1368,0.027215,0.26044,-0.00017339
1369,0.026837,0.25733,-0.00012115
1370,0.026583,0.25414,4.303e-05
1371,0.026152,0.25048,-8.7569e-05
1372,0.025714,0.24678,-0.00023309
1373,0.025355,0.2426,-0.00016966
1374,0.024905,0.23818,-0.00039354
1375,0.024318,0.23388,-0.00023682
1376,0.02388,0.22915,-4.6524e-05
1377,0.023457,0.22432,-0.00018459
1378,0.022865,0.21921,-0.00020697
1379,0.022277,0.2139,-0.00019578
1380,0.02172,0.20844,-5.3986e-05
1381,0.021079,0.20272,-0.00019578
1382,0.020387,0.19697,-0.00027787
1383,0.019754,0.19092,-0.00021817
1384,0.019136,0.18476,-0.00013981
1385,0.018478,0.17842,-9.8763e-05
1386,0.017721,0.17186,-0.0003413
1387,0.017006,0.1652,-0.00017712
1388,0.016419,0.15858,-0.00014727
1389,0.015614,0.15199,-0.00022563
1390,0.014858,0.14506,-6.1449e-05
1391,0.014154,0.13816,-0.00013981
1392,0.013409,0.13135,-0.00016966
1393,0.012769,0.12442,-0.00022936
1394,0.011934,0.11756,-0.00019951
1395,0.011402,0.11087,-0.00010623
1396,0.010777,0.10416,-0.00029653
1397,0.0098823,0.097559,-0.00027041
1398,0.0093544,0.091094,-0.00013608
1399,0.008718,0.08445,-0.00019205
1400,0.0079955,0.077877,-0.00019205
1401,0.0073441,0.071416,-0.00019578
1402,0.0066815,0.065183,-0.00021444
1403,0.0059777,0.058979,-0.00025548
1404,0.0053488,0.052933,-0.00025921
1405,0.0048134,0.047182,-0.00019205
1406,0.0042107,0.041251,-9.5032e-05
1407,0.0037652,0.035493,-0.00025548
1408,0.0032187,0.029839,-0.0002928
1409,0.0025224,0.024118,-0.00015473
1410,0.0020057,0.018658,-0.00030399
1411,0.0013768,0.01324,-0.00010249
1412,0.00096502,0.0075744,-0.00017712
1413,0.00055697,0.0021746,-0.00036369
1414,-0.00014308,-0.0032887,-3.1598e-05
1415,-0.00059606,-0.0090436,-0.00020697
1416,-0.0011838,-0.014447,-0.00027414
1417,-0.0018427,-0.020064,-0.0001622
1418,-0.0023818,-0.025721,-0.00020324
1419,-0.0028385,-0.0312,-3.1598e-05
1420,-0.0033738,-0.036775,-0.00022563
1421,-0.0041225,-0.042515,-0.00017339
1422,-0.0046317,-0.048419,-9.2096e-06
1423,-0.0050846,-0.054279,-5.3986e-05
1424,-0.0056087,-0.0604,5.0493e-05
1425,-0.0062826,-0.066569,-0.00019578
1426,-0.0069826,-0.073064,-0.00021071
1427,-0.0076902,-0.079559,-0.00016966
1428,-0.0084239,-0.085986,-0.00024802
1429,-0.0090004,-0.092918,-0.00013235
1430,-0.0097267,-0.099615,-0.00021071
1431,-0.010419,-0.10668,-0.00022563
1432,-0.01122,-0.114,-0.00015847
1433,-0.012115,-0.12132,-0.00012115
1434,-0.012789,-0.12883,-0.00014727
1435,-0.013624,-0.13621,-0.00025548
1436,-0.014294,-0.14381,-0.00013235
1437,-0.014934,-0.15103,-0.00015473
1438,-0.015814,-0.15811,-0.00034504
1439,-0.016491,-0.16518,-0.00015473
1440,-0.017206,-0.17191,-0.00028906
1441,-0.017783,-0.17847,-0.00031518
1442,-0.018573,-0.1847,-3.1598e-05
1443,-0.019423,-0.19074,-0.00025921
1444,-0.019662,-0.19648,-0.00019578
1445,-0.02028,-0.20198,-8.3838e-05
1446,-0.020916,-0.20725,-0.0001622
1447,-0.021485,-0.21199,-0.00023682
1448,-0.022069,-0.21647,-0.00030399
1449,-0.022358,-0.22081,-0.00011369
1450,-0.022885,-0.22457,-8.0106e-05
1451,-0.023185,-0.22823,1.691e-05
1452,-0.023724,-0.2319,-7.6375e-05
1453,-0.024155,-0.23489,-0.00020697
1454,-0.024282,-0.23782,-9.5032e-05
1455,-0.024701,-0.24052,-0.00016593
1456,-0.024832,-0.24263,-0.00013235
1457,-0.025218,-0.24489,-0.00025175
1458,-0.025469,-0.24693,-0.00013235
1459,-0.025547,-0.24877,9.4474e-06
1460,-0.025903,-0.25051,-0.00019951
1461,-0.026165,-0.25223,-0.00024056
1462,-0.026404,-0.25389,-8.7569e-05
1463,-0.026599,-0.25522,-9.2096e-06
1464,-0.026723,-0.25665,-0.00030399
1465,-0.026655,-0.25776,-0.00030772
1466,-0.026988,-0.25894,-0.00020324
1467,-0.027348,-0.26014,-0.00032638
1468,-0.027318,-0.26111,-0.00022563
1469,-0.027576,-0.26243,5.716e-06
1470,-0.027808,-0.26341,-0.00010996
1471,-0.028097,-0.26447,-0.00024429
1472,-0.02828,-0.2657,-0.00022563
1473,-0.028325,-0.26662,-0.00032638
1474,-0.02852,-0.26763,-7.6375e-05
1475,-0.028628,-0.26875,-4.2792e-05
1476,-0.028875,-0.26983,-9.8763e-05
1477,-0.028999,-0.27078,-4.2792e-05
1478,-0.029182,-0.27194,-0.00020697
1479,-0.029497,-0.27293,-0.00019951
1480,-0.029635,-0.27358,-0.00028906
1481,-0.029781,-0.27412,-0.00030772
1482,-0.02992,-0.27458,-0.00021444
1483,-0.03001,-0.2751,-0.00017339
1484,-0.03001,-0.27515,-0.00025175
1485,-0.030171,-0.27499,-0.00027041
1486,-0.030223,-0.27486,-0.00010249
1487,-0.030182,-0.27435,-0.00018832
1488,-0.030152,-0.27363,-0.00013235
1489,-0.030054,-0.27262,-9.8763e-05
1490,-0.030047,-0.27159,-0.0002816
1491,-0.029762,-0.26998,-0.00025175
1492,-0.029512,-0.26799,-0.00025921
1493,-0.029482,-0.26625,-0.0002219
1494,-0.029287,-0.26386,-0.00024056
1495,-0.028965,-0.26131,-0.00027414
1496,-0.028722,-0.25856,-5.7718e-05
1497,-0.028482,-0.25532,-8.3838e-05
1498,-0.028025,-0.25207,-0.00016966
1499,-0.027733,-0.24849,-0.00021071
1500,-0.027408,-0.24467,-0.00034877
1501,-0.026854,-0.24051,-0.00024802
1502,-0.026592,-0.23627,-8.7569e-05
1503,-0.026,-0.23179,-5.7718e-05
1504,-0.025334,-0.22679,-7.2643e-05
1505,-0.024896,-0.2219,-0.00024056
1506,-0.024166,-0.21688,-0.00022936
1507,-0.023769,-0.21154,-5.3986e-05
1508,-0.023174,-0.206,-0.00024056
1509,-0.022354,-0.20044,-0.00028533
1510,-0.021848,-0.19471,-0.00013608
1511,-0.021223,-0.18862,-0.00020697
1512,-0.020725,-0.18247,-0.00024429
1513,-0.019913,-0.17602,-0.00013235
1514,-0.019033,-0.16964,-0.00015473
1515,-0.018528,-0.16308,-0.00023309
1516,-0.017772,-0.15624,-3.1598e-05
1517,-0.017158,-0.14948,-0.00013608
1518,-0.016446,-0.14263,-0.00027041
1519,-0.015754,-0.13605,-0.00016593
1520,-0.01514,-0.12932,-0.0003525
1521,-0.014223,-0.12241,-0.00024429
1522,-0.013706,-0.11568,-4.2792e-05
1523,-0.012995,-0.10883,-0.00024802
1524,-0.012123,-0.10204,-0.00035996
1525,-0.011576,-0.095493,-0.00020324
1526,-0.010913,-0.089017,-0.00013981
1527,-0.010356,-0.082414,-0.00018085
1528,-0.0096518,-0.076087,-0.00025548
1529,-0.0088208,-0.069963,-0.00022936
1530,-0.0083266,-0.063834,-3.9061e-05
1531,-0.0076977,-0.05781,-9.13e-05
1532,-0.0070238,-0.051824,-0.00023309
1533,-0.0065559,-0.046054,-0.00013981
1534,-0.0058521,-0.040168,-5.3986e-05
1535,-0.0053242,-0.034484,-0.00010623
1536,-0.0048488,-0.028991,-6.8912e-05
1537,-0.0042648,-0.023315,-4.6524e-05
1538,-0.0037931,-0.018072,-0.00015847
1539,-0.0030856,-0.012493,-8.0106e-05
1540,-0.0025615,-0.0067828,2.8104e-05
1541,-0.0020748,-0.0013867,-0.00027041
1542,-0.0014533,0.0042,-0.00037116
1543,-0.0010303,0.0097157,-0.0001622
1544,-0.0005399,0.015321,-0.00028533
1545,2.1637e-05,0.020833,-0.00020697
1546,0.0006281,0.026397,-3.1598e-05
1547,0.0011747,0.031988,-0.00020697
1548,0.0016538,0.037683,-0.00018459
1549,0.0021667,0.043408,-0.00015847
1550,0.0027432,0.049069,-0.00025921
1551,0.0033497,0.055257,-0.00028533
1552,0.0038925,0.0613,-0.00024429
1553,0.0046263,0.067309,-0.00021817
1554,0.0053151,0.073643,-0.00027414
1555,0.005959,0.080078,-0.00021071
1556,0.0067302,0.086666,-0.00025548
1557,0.0073441,0.093426,-0.00021817
1558,0.008018,0.1004,-0.00011369
1559,0.0087742,0.10741,-0.00021071
1560,0.0094817,0.11452,-0.00027787
1561,0.01026,0.12188,-0.0002928
1562,0.011058,0.12933,-0.00027041
1563,0.011769,0.13671,-0.00017712
1564,0.01251,0.14406,1.9846e-06
1565,0.013326,0.15124,-0.00010249
1566,0.014094,0.15834,-8.0106e-05
1567,0.014779,0.1652,-2.4135e-05
1568,0.015397,0.17189,-0.00021444
1569,0.01622,0.17843,-9.5032e-05
1570,0.016827,0.18437,-9.8763e-05
1571,0.017235,0.19011,-0.00013608
1572,0.018103,0.19598,-0.00018832
1573,0.018624,0.20149,-0.00018085
1574,0.018972,0.20637,2.8104e-05
1575,0.019623,0.21121,-8.7569e-05
1576,0.019983,0.2157,-0.00019951
1577,0.020495,0.21975,-0.00022563
1578,0.021005,0.22373,-0.00021817
1579,0.021293,0.22727,-0.00014354
1580,0.021806,0.23078,-0.00019205
1581,0.022139,0.23388,-0.00033011
1582,0.022367,0.23659,-0.00024429
1583,0.022749,0.23951,-5.0255e-05
1584,0.022996,0.24187,-0.00013981
1585,0.023299,0.24401,-0.00013608
1586,0.023614,0.24625,-0.00012861
1587,0.023704,0.24795,-0.00023682
1588,0.023969,0.24966,-0.00021444
1589,0.024422,0.25145,-0.00017339
1590,0.024673,0.25286,-0.00010623
1591,0.024771,0.25418,-0.00013235
1592,0.024827,0.25544,-0.00021817
1593,0.024988,0.25658,-0.00011742
1594,0.025366,0.25782,-5.7718e-05
1595,0.025396,0.2589,-0.00018459
1596,0.025441,0.25998,-0.00010623
1597,0.02583,0.26112,-9.5032e-05
1598,0.025853,0.26209,-0.00026668
1599,0.02595,0.26323,-9.13e-05
1600,0.026152,0.26428,-8.0106e-05
1601,0.026343,0.26518,-0.00022936
1602,0.02662,0.26633,-8.3838e-05
1603,0.02683,0.26772,-0.00012488
1604,0.02708,0.2688,-0.00013235
1605,0.02726,0.26979,-0.00017339
1606,0.027402,0.27094,-0.00033011
1607,0.027533,0.27186,-0.00017712
1608,0.027754,0.27278,-0.00012488
1609,0.027934,0.27338,-0.00012488
1610,0.028005,0.27368,-0.00012488
1611,0.028174,0.27417,-0.00018085
1612,0.028282,0.27444,-0.00025175
1613,0.02829,0.27425,-0.00025921
1614,0.028252,0.27387,-8.0106e-05
1615,0.028312,0.27342,-0.00013608
1616,0.028248,0.27262,-0.00021444
1617,0.028061,0.27168,-0.00024056
1618,0.02805,0.27058,-0.00018459
1619,0.027897,0.26913,-0.00011742
1620,0.027721,0.26746,-0.00017712
1621,0.027623,0.26538,-0.00019578
1622,0.027395,0.26316,-0.00020324
1623,0.027305,0.26067,-0.00025548
1624,0.027017,0.25776,-0.00040101
1625,0.026523,0.25493,-0.00018459
1626,0.026231,0.25167,-0.00011369
1627,0.025882,0.24796,-0.00033011
1628,0.025516,0.24427,-0.00027414
1629,0.024905,0.24017,-0.00026668
1630,0.024348,0.23585,-0.00023682
1631,0.024026,0.23132,-0.00025548
1632,0.023445,0.22631,-0.0002816
1633,0.023007,0.22143,-0.00016593
1634,0.022509,0.2164,-0.00019205
1635,0.021821,0.21092,-0.00022563
1636,0.021334,0.20535,-0.00021817
1637,0.020679,0.19965,-0.00023309
1638,0.020001,0.19386,-0.00027414
1639,0.019395,0.18781,-0.00023682
1640,0.018601,0.1815,-0.00014354
1641,0.018088,0.17517,-0.00025921
1642,0.017471,0.16866,-0.00021071
1643,0.016565,0.16207,-0.00012115
1644,0.015981,0.15548,-0.00012115
1645,0.01534,0.14867,-3.5329e-05
1646,0.014532,0.14187,-8.0106e-05
1647,0.013839,0.13507,-0.00012488
1648,0.01321,0.12821,-0.00012115
1649,0.012439,0.12143,-0.00010623
1650,0.011675,0.11455,-0.00013235
1651,0.010998,0.10768,-0.00014727
1652,0.010365,0.10087,-0.00019578
1653,0.0096839,0.094244,-0.00017339
1654,0.0089539,0.087686,-0.00012488
1655,0.008441,0.08102,-0.00019951
1656,0.0077746,0.074831,-0.00016966
1657,0.0070708,0.068639,-0.00021071
1658,0.0064494,0.062215,-0.00027041
1659,0.0057494,0.056281,-0.00014727
1660,0.0051242,0.050287,-0.00019205
1661,0.0044952,0.044387,-0.00020324
1662,0.0039749,0.03877,-9.5032e-05
1663,0.0034807,0.032952,-0.00017339
1664,0.002893,0.027414,-0.00013981
1665,0.0023389,0.021887,-0.00020324
1666,0.0017287,0.016151,-0.00033384
1667,0.0010961,0.010702,-0.00018459
1668,0.000688,0.0052015,-0.00016966
1669,0.00016764,-0.00055333,-0.00021071
1670,-0.00040513,-0.005998,-0.00012861
1671,-0.00088432,-0.011372,-0.00011369
1672,-0.0014459,-0.017171,-8.3838e-05
1673,-0.0019438,-0.022717,-8.7569e-05
1674,-0.0025652,-0.028285,-0.00021071
1675,-0.0031155,-0.034238,-0.00027787
1676,-0.0037482,-0.040052,-0.00021444
1677,-0.0043846,-0.045863,-0.00012861
1678,-0.0048638,-0.051839,-0.00015847
1679,-0.0055863,-0.0579,-3.9061e-05
1680,-0.0060393,-0.063998,-2.7867e-05
1681,-0.0067655,-0.070276,-0.00020324
1682,-0.0077389,-0.076648,-0.0002219
1683,-0.0082368,-0.083187,-0.00031892
1684,-0.008802,-0.08994,-9.13e-05
1685,-0.0094459,-0.096879,-4.2792e-05
1686,-0.010225,-0.10404,-0.0003525
1687,-0.010981,-0.11112,-0.00019578
1688,-0.011685,-0.11836,-0.00018085
1689,-0.012527,-0.12583,-0.00024429
1690,-0.013249,-0.13318,-0.0001622
1691,-0.014069,-0.14045,-9.13e-05
1692,-0.014885,-0.1479,-0.00012861
1693,-0.015563,-0.1552,-0.00030772
1694,-0.016286,-0.16225,-0.00031145
1695,-0.016971,-0.16918,-0.00032638
1696,-0.017656,-0.17571,-0.00015473
1697,-0.018285,-0.18225,-0.00014354
1698,-0.018895,-0.18858,-0.00024056
1699,-0.01961,-0.1945,-8.7569e-05
1700,-0.020302,-0.20025,-0.00020697
1701,-0.020797,-0.20587,-0.00022563
1702,-0.021227,-0.21111,-0.00016966
1703,-0.02189,-0.21589,-0.00026294
1704,-0.022436,-0.22042,-0.00023309
1705,-0.022814,-0.22437,-0.00015473
1706,-0.02332,-0.22825,-0.00017712
1707,-0.023698,-0.23192,-0.00021444
1708,-0.024095,-0.23506,-0.00033757
1709,-0.024432,-0.23818,-0.00033011
1710,-0.024626,-0.24093,-8.3838e-05
1711,-0.025042,-0.24346,-0.00021444
1712,-0.025184,-0.24585,-0.00012488
1713,-0.025304,-0.24797,-0.00012488
1714,-0.025794,-0.25004,-0.00035623
1715,-0.026034,-0.25182,-7.6375e-05
1716,-0.026199,-0.25352,-0.00017339
1717,-0.026434,-0.25529,-0.00031892
1718,-0.026595,-0.25671,-0.00019578
1719,-0.026884,-0.258,-0.00019205
1720,-0.027052,-0.25935,-0.00023309
1721,-0.027239,-0.2605,-0.00021817
1722,-0.027528,-0.26169,-0.0002219
1723,-0.027599,-0.26275,-0.00023682
1724,-0.027786,-0.26375,-4.6524e-05
1725,-0.027932,-0.2648,-0.00021071
1726,-0.028033,-0.26579,-0.00027041
1727,-0.028306,-0.26686,-0.000151
1728,-0.02852,-0.2678,-0.00020324
1729,-0.028834,-0.26878,-0.00012861
1730,-0.028931,-0.2699,-0.00018832
1731,-0.028969,-0.27105,-0.00030026
1732,-0.029261,-0.27214,-0.00038981
1733,-0.029426,-0.27308,-0.00024056
1734,-0.029467,-0.274,-0.00013608
1735,-0.029605,-0.27504,-0.00020697
1736,-0.029879,-0.27612,-0.00011742
1737,-0.029845,-0.2767,-8.7569e-05
1738,-0.030028,-0.2769,-0.00011742
1739,-0.030478,-0.27718,-0.00010996
1740,-0.03029,-0.2772,-8.3838e-05
1741,-0.030275,-0.27698,-0.00013608
1742,-0.030436,-0.27673,-8.7569e-05
1743,-0.030238,-0.27606,-0.00011369
1744,-0.030335,-0.2752,-0.00027414
1745,-0.030354,-0.27431,-9.13e-05
1746,-0.030025,-0.27302,-9.13e-05
1747,-0.029976,-0.27128,-0.0002219
1748,-0.029864,-0.26939,-6.5181e-05
1749,-0.029568,-0.26736,-0.00017339
1750,-0.029351,-0.26495,-0.00024056
1751,-0.029017,-0.26242,-0.00018459
1752,-0.028752,-0.2597,-0.00014354
1753,-0.028583,-0.25659,-6.5181e-05
1754,-0.02828,-0.2532,-0.00016966
1755,-0.027778,-0.24948,-6.5181e-05
1756,-0.027258,-0.24565,-0.00015473
1757,-0.026854,-0.24159,-0.00021071
1758,-0.026427,-0.23714,-1.2941e-05
1759,-0.02597,-0.2326,-0.00018459
1760,-0.025506,-0.22789,-0.00019578
1761,-0.024862,-0.22289,-0.00021817
1762,-0.024233,-0.21758,-0.00032638
1763,-0.023754,-0.21229,-0.00033384
1764,-0.023028,-0.20684,-0.00040101
1765,-0.022504,-0.20094,-0.00022936
1766,-0.022081,-0.19504,-0.00014354
1767,-0.02119,-0.18902,-0.00012861
1768,-0.02049,-0.18276,-0.00011742
1769,-0.019921,-0.17643,-0.00024056
1770,-0.019235,-0.17002,-0.00024802
1771,-0.018644,-0.16334,-0.00028906
1772,-0.017966,-0.15668,-0.00037116
1773,-0.01715,-0.1501,-0.00019951
1774,-0.016405,-0.14334,-0.00010996
1775,-0.015825,-0.13642,-0.00025921
1776,-0.015039,-0.12946,-0.00022563
1777,-0.014245,-0.12262,-0.00018085
1778,-0.013639,-0.1158,-0.00021071
1779,-0.012808,-0.109,-0.00020324
1780,-0.012149,-0.1021,-0.00014727
1781,-0.011599,-0.095321,-0.000151
1782,-0.010782,-0.088767,-0.00022936
1783,-0.01012,-0.082227,-0.00016593
1784,-0.009562,-0.075912,-0.00028533
1785,-0.0088058,-0.069634,-0.00023682
1786,-0.0081469,-0.063434,-0.00013981
1787,-0.0077126,-0.057526,-0.0002816
1788,-0.0070126,-0.051618,-0.00015473
1789,-0.0062639,-0.045916,-0.00012861
1790,-0.0057922,-0.040142,-0.00025548
1791,-0.0052643,-0.034167,-0.00025175
1792,-0.0046916,-0.028718,-0.0002219
1793,-0.0041375,-0.023191,-0.00022563
1794,-0.003576,-0.017467,-0.0002219
1795,-0.0030444,-0.012026,-0.00015473
1796,-0.002685,-0.0065473,-0.00014354
1797,-0.0022058,-0.00090834,-0.00021817
1798,-0.0015544,0.004626,-0.00030026
1799,-0.00092175,0.010116,-0.00021817
1800,-0.00025539,0.015631,-0.00015847
1801,0.00011523,0.021065,-0.00037116
1802,0.00063184,0.026831,-0.00035996
1803,0.0012645,0.032548,-0.00015473
1804,0.0017362,0.038161,-0.00015473
1805,0.0024849,0.044114,-0.000151
1806,0.0030802,0.050104,-0.00025921
1807,0.0036941,0.056192,-0.00024429
1808,0.0043081,0.062298,-0.00011369
1809,0.0047723,0.068445,-0.00013981
1810,0.0055322,0.074925,-0.00017712
1811,0.0061312,0.081584,-0.00018459
1812,0.0067901,0.088434,-8.0106e-05
1813,0.0075575,0.095257,-0.00019578
1814,0.0081902,0.10219,-0.00023309
1815,0.0090475,0.10953,-0.00013608
1816,0.0097775,0.11689,-0.00026668
1817,0.010504,0.12427,-0.00019951
1818,0.011361,0.13174,-0.00019205
1819,0.012039,0.13918,-0.0002928
1820,0.012727,0.14649,-0.00020697
1821,0.013573,0.15346,-0.00018459
1822,0.014382,0.16028,-0.000151
1823,0.015004,0.1671,-5.7718e-05
1824,0.015711,0.17366,-5.3986e-05
1825,0.016441,0.18012,-0.00018832
1826,0.016991,0.18649,-0.00016593
1827,0.017605,0.19238,-9.8763e-05
1828,0.018279,0.19802,-0.00022936
1829,0.018844,0.20357,-0.0001622
1830,0.019417,0.20886,-8.3838e-05
1831,0.019953,0.21357,-8.3838e-05
1832,0.020342,0.21795,-0.00019951
1833,0.020926,0.22229,-0.00030399
1834,0.021435,0.22624,-0.00013235
1835,0.021712,0.22986,-0.00025921
1836,0.022131,0.23306,-0.00030026
1837,0.02236,0.23608,5.716e-06
1838,0.022652,0.23881,-1.2941e-05
1839,0.023,0.24137,-0.00012488
1840,0.023206,0.24382,-0.00018832
1841,0.023554,0.24564,-0.00017712
1842,0.023794,0.24762,-0.00010623
1843,0.024104,0.24952,-0.00019578
1844,0.024303,0.25118,-0.0003525
1845,0.024422,0.25285,-0.00027414
1846,0.024673,0.25417,-0.00014354
1847,0.024872,0.25569,-0.00026668
1848,0.025111,0.25699,-0.00021817
1849,0.025194,0.25818,-0.00013608
1850,0.025407,0.25959,-0.00022936
1851,0.025785,0.26074,-0.00047937
1852,0.025879,0.26196,-0.00040474
1853,0.025961,0.26281,-0.00025175
1854,0.026156,0.2638,-0.00030026
1855,0.026388,0.26498,-8.7569e-05
1856,0.026575,0.26584,-0.00022936
1857,0.02671,0.26699,-0.00028906
1858,0.026927,0.26797,-0.00020324
1859,0.027073,0.26889,-0.00024056
1860,0.0272,0.26998,-0.00019578
1861,0.027417,0.27111,-0.00025548
1862,0.027563,0.27215,-0.0002816
1863,0.027829,0.27297,-0.0002816
1864,0.028136,0.27369,-0.00022563
1865,0.028046,0.27439,-0.00015473
1866,0.028136,0.27494,-0.00012115
1867,0.028458,0.27505,-0.00018085
1868,0.028353,0.27519,-0.00014354
1869,0.028323,0.27503,-0.00020697
1870,0.028466,0.27458,-0.00021444
1871,0.028421,0.27428,-9.8763e-05
1872,0.028394,0.27365,-0.00025921
1873,0.028398,0.27255,-0.00030026
1874,0.028226,0.27112,-0.00021444
1875,0.027889,0.26955,-0.0002816
1876,0.027818,0.26753,-0.00031145
1877,0.02778,0.26531,-0.00017339
1878,0.027496,0.26312,-0.00019951
1879,0.027275,0.2604,-0.00020324
1880,0.026979,0.25743,-0.00018832
1881,0.026646,0.25437,-0.00026294
1882,0.026246,0.25081,-5.3986e-05
1883,0.02574,0.24718,-4.2792e-05
1884,0.02537,0.24347,-0.0002219
1885,0.02498,0.23927,-0.00023309
1886,0.024456,0.23498,-0.00023682
1887,0.023951,0.23051,-0.00011369
1888,0.023539,0.22584,-0.00012115
1889,0.022962,0.2209,-0.00023309
1890,0.022491,0.2156,-0.00012488
1891,0.022023,0.21029,-0.00024802
1892,0.021326,0.2047,-0.00031518
1893,0.020686,0.19899,-9.13e-05
1894,0.01993,0.1932,-0.000151
1895,0.019342,0.18711,-0.00033011
1896,0.01877,0.18093,-0.00028906
1897,0.018025,0.17446,-9.8763e-05
1898,0.017373,0.16794,-0.00010249
1899,0.016561,0.16136,-0.00016966
1900,0.015846,0.15456,-0.00011369
1901,0.015217,0.14774,-0.00023309
1902,0.014513,0.14092,-0.00027414
1903,0.013832,0.13406,-0.00014727
1904,0.012997,0.12713,-0.0001622
1905,0.012372,0.12022,-0.00018832
1906,0.011597,0.11335,-0.00016593
1907,0.010751,0.10663,-0.00027787
1908,0.010373,0.099996,-0.00024429
1909,0.0096801,0.093325,-0.000151
1910,0.008909,0.086827,-0.00027787
1911,0.0084073,0.080347,-0.00016593
1912,0.0077896,0.074185,-0.00011742
1913,0.0070184,0.068086,-0.00013235
1914,0.0064232,0.06201,1.9846e-06
1915,0.0059403,0.056177,-5.3986e-05
1916,0.005244,0.050227,-9.8763e-05
1917,0.0046038,0.044577,-0.00026668
1918,0.0041097,0.038826,-0.00026294
1919,0.0035519,0.033071,-0.00016966
1920,0.002878,0.027623,-0.00027041
1921,0.002294,0.022096,-9.5032e-05
1922,0.0017624,0.016618,-0.00012115
1923,0.0012645,0.010964,-0.00033011
1924,0.00078908,0.005493,-0.00021071
1925,0.00023502,0.00013426,-0.00033384
1926,-0.00033026,-0.0054748,-0.00036742
1927,-0.00094047,-0.010942,-8.3838e-05
1928,-0.0014197,-0.016615,-0.00022563
1929,-0.0018876,-0.022156,-0.00021071
1930,-0.0025165,-0.027676,-2.7867e-05
1931,-0.0030182,-0.033584,-0.00020324
1932,-0.0034974,-0.039167,-0.00020324
1933,-0.0041487,-0.044948,-0.00019951
1934,-0.004714,-0.050863,-0.0003525
1935,-0.0053167,-0.05688,-0.00017712
1936,-0.0059681,-0.063049,-2.4135e-05
1937,-0.0066008,-0.069234,-0.00018085
1938,-0.0072896,-0.075815,-0.00018085
1939,-0.0078586,-0.082354,-0.00017339
1940,-0.0086785,-0.089208,-0.00030026
1941,-0.0093973,-0.096102,-0.00021444
1942,-0.0099363,-0.10306,-0.00021817
1943,-0.010835,-0.11032,-0.00026668
1944,-0.011782,-0.1174,-7.2643e-05
1945,-0.012527,-0.12484,-0.00012488
1946,-0.013014,-0.13219,-0.00013235
1947,-0.013807,-0.13953,-0.00011369
1948,-0.014567,-0.14686,-0.00033384
1949,-0.015103,-0.15358,-0.00021444
1950,-0.015997,-0.16052,-0.00019205
1951,-0.016772,-0.16735,-0.00025548
1952,-0.017397,-0.17379,-0.00010996
1953,-0.018026,-0.1803,-0.00022936
1954,-0.018685,-0.18639,-0.00023309
1955,-0.019396,-0.19228,-0.00026294
1956,-0.019999,-0.19803,-0.00031892
1957,-0.020534,-0.20346,-0.00021817
1958,-0.021089,-0.20867,-0.00025921
1959,-0.021646,-0.21354,-3.1598e-05
1960,-0.022129,-0.21813,-1.2941e-05
1961,-0.022631,-0.22246,-0.00017712
1962,-0.023035,-0.22628,-8.7569e-05
1963,-0.023402,-0.22985,-0.00020324
1964,-0.023881,-0.23348,-0.00023682
1965,-0.024248,-0.23648,-0.00012861
1966,-0.024518,-0.23909,-0.00019205
1967,-0.024731,-0.24184,-7.6375e-05
1968,-0.025105,-0.24422,-9.8763e-05
1969,-0.025506,-0.2462,-0.00025548
1970,-0.025592,-0.24826,-0.00010623
1971,-0.025731,-0.2501,-0.00017339
1972,-0.026008,-0.25152,-0.0001622
1973,-0.026378,-0.25326,-0.00019205
1974,-0.026427,-0.25484,-0.00030772
1975,-0.026577,-0.25612,-0.00024429
1976,-0.027052,-0.25743,-0.0002816
1977,-0.027105,-0.25849,-8.7569e-05
1978,-0.027172,-0.25974,-0.00015473
1979,-0.027423,-0.26088,-0.00026294
1980,-0.027718,-0.26181,-0.00022936
1981,-0.027861,-0.26303,-0.00026294
1982,-0.027962,-0.26409,-2.4135e-05
1983,-0.028183,-0.26515,-0.00016966
1984,-0.028306,-0.26642,-0.00019951
1985,-0.028505,-0.26739,-9.5032e-05
1986,-0.028696,-0.26848,-0.00021444
1987,-0.02898,-0.26971,-0.00019205
1988,-0.029145,-0.27086,-0.00027787
1989,-0.029265,-0.27211,-0.00012861
1990,-0.029553,-0.27292,-0.00027414
1991,-0.029658,-0.27372,-0.0003525
1992,-0.02983,-0.27469,-0.00019205
1993,-0.030043,-0.27508,-0.00031892
1994,-0.029968,-0.27536,-2.0404e-05
1995,-0.030051,-0.27572,-8.3838e-05
1996,-0.030133,-0.27558,-0.00033757
1997,-0.030021,-0.2754,-0.0002928
1998,-0.030152,-0.27511,-0.00032638
1999,-0.030092,-0.27439,-0.00012115
